Bait	Prey	PreyGene	Spec	SpecSum	AvgSpec	NumReplicates	ctrlCounts	AvgP	MaxP	TopoAvgP	TopoMaxP	SaintScore	logOddsScore	FoldChange	BFDR	boosted_by
WT_EGFR	EGFR_HUMAN	EGFR	67|52|45|55	219	54.75	4	0|0|0|0	1.00	1.00	1.00	1.00	1.00	68.92	547.50	0.00	
WT_EGFR	ERBB2_HUMAN	ERBB2	4|5|3|5	17	4.25	4	0|0|0|0	1.00	1.00	1.00	1.00	1.00	6.33	42.50	0.00	
WT_EGFR	P85B_HUMAN	PIK3R2	0|0|0|0	0	0.00	4	0|0|0|0	0.00	0.00	0.00	0.00	0.00	-0.06	0.00	0.50	
WT_EGFR	P55G_HUMAN	PIK3R3	0|0|0|0	0	0.00	4	0|0|0|0	0.00	0.00	0.00	0.00	0.00	-0.06	0.00	0.50	
WT_EGFR	P85A_HUMAN	PIK3R1	0|0|0|0	0	0.00	4	0|0|0|0	0.00	0.00	0.00	0.00	0.00	-0.06	0.00	0.50	
WT_EGFR	K2C1_HUMAN	KRT1	3|4|6|5	18	4.50	4	10|10|7|7	0.00	0.00	0.00	0.00	0.00	-27.01	0.53	0.50	
WT_EGFR	K1C10_HUMAN	KRT10	2|0|3|3	8	2.00	4	1|2|4|3	0.01	0.02	0.01	0.02	0.01	-9.51	0.80	0.48	
WT_EGFR	K1C16_HUMAN	KRT16	0|0|2|1	3	0.75	4	1|1|2|2	0.03	0.12	0.03	0.12	0.03	-5.30	0.50	0.47	
WT_EGFR	GRB2_HUMAN	GRB2	2|0|2|2	6	1.50	4	0|0|0|0	0.74	0.99	0.74	0.99	0.74	-0.06	15.00	0.05	
WT_EGFR	GRP78_HUMAN	HSPA5	16|14|11|12	53	13.25	4	0|0|0|0	1.00	1.00	1.00	1.00	1.00	19.21	132.50	0.00	
WT_EGFR	K22E_HUMAN	KRT2	2|3|6|4	15	3.75	4	4|4|1|1	0.15	0.51	0.15	0.51	0.15	-5.56	1.50	0.43	
WT_EGFR	K2C8_HUMAN	KRT8	1|1|2|2	6	1.50	4	0|0|0|0	0.49	0.99	0.49	0.99	0.49	2.45	15.00	0.18	
WT_EGFR	K2C5_HUMAN	KRT5	1|1|3|2	7	1.75	4	1|1|2|0	0.30	0.75	0.30	0.75	0.30	-1.69	1.75	0.25	
WT_EGFR	K2C4_HUMAN	KRT4	0|0|0|0	0	0.00	4	0|1|0|0	0.00	0.00	0.00	0.00	0.00	-0.60	0.00	0.50	
WT_EGFR	K2C6B_HUMAN	KRT6B	1|2|4|4	11	2.75	4	2|2|2|1	0.25	0.48	0.25	0.48	0.25	-4.39	1.57	0.26	
WT_EGFR	K2C7_HUMAN	KRT7	0|0|0|2	2	0.50	4	0|0|0|0	0.25	0.99	0.25	0.99	0.25	-0.06	5.00	0.28	
WT_EGFR	HSP7C_HUMAN	HSPA8	15|10|12|11	48	12.00	4	0|0|1|1	1.00	1.00	1.00	1.00	1.00	12.87	24.00	0.00	
WT_EGFR	PK3CA_HUMAN	PIK3CA	0|0|0|0	0	0.00	4	0|0|0|0	0.00	0.00	0.00	0.00	0.00	-0.06	0.00	0.50	
WT_EGFR	ERBB3_HUMAN	ERBB3	0|0|0|0	0	0.00	4	0|0|0|0	0.00	0.00	0.00	0.00	0.00	-0.06	0.00	0.50	
WT_EGFR	ADT2_HUMAN	SLC25A5	5|3|5|5	18	4.50	4	0|0|0|0	1.00	1.00	1.00	1.00	1.00	6.33	45.00	0.00	
WT_EGFR	ADT3_HUMAN	SLC25A6	5|4|5|5	19	4.75	4	0|0|0|0	1.00	1.00	1.00	1.00	1.00	8.07	47.50	0.00	
WT_EGFR	K1C9_HUMAN	KRT9	1|1|1|0	3	0.75	4	0|0|1|0	0.00	0.00	0.00	0.00	0.00	-0.60	3.00	0.50	
WT_EGFR	TBA1A_HUMAN	TUBA1A	5|3|5|3	16	4.00	4	0|0|0|0	1.00	1.00	1.00	1.00	1.00	6.33	40.00	0.00	
WT_EGFR	TBA4A_HUMAN	TUBA4A	3|2|3|1	9	2.25	4	0|0|0|0	0.75	1.00	0.75	1.00	0.75	2.45	22.50	0.02	
WT_EGFR	ARHG5_HUMAN	ARHGEF5	0|0|0|0	0	0.00	4	0|0|0|0	0.00	0.00	0.00	0.00	0.00	-0.06	0.00	0.50	
WT_EGFR	PK3CB_HUMAN	PIK3CB	0|0|0|0	0	0.00	4	0|0|0|0	0.00	0.00	0.00	0.00	0.00	-0.06	0.00	0.50	
WT_EGFR	IRS1_HUMAN	IRS1	0|0|0|0	0	0.00	4	0|0|0|0	0.00	0.00	0.00	0.00	0.00	-0.06	0.00	0.50	
WT_EGFR	TBB5_HUMAN	TUBB	8|6|5|2	21	5.25	4	0|0|0|0	1.00	1.00	1.00	1.00	1.00	4.48	52.50	0.00	
WT_EGFR	TBB3_HUMAN	TUBB3	2|2|3|1	8	2.00	4	0|0|0|0	0.74	1.00	0.74	1.00	0.74	2.45	20.00	0.04	
WT_EGFR	HS71A_HUMAN	HSPA1A	5|3|5|5	18	4.50	4	0|0|0|0	1.00	1.00	1.00	1.00	1.00	6.33	45.00	0.00	
WT_EGFR	HS90A_HUMAN	HSP90AA1	3|3|1|2	9	2.25	4	0|0|0|0	0.75	1.00	0.75	1.00	0.75	2.45	22.50	0.02	
WT_EGFR	HS90B_HUMAN	HSP90AB1	4|2|1|2	9	2.25	4	0|0|0|0	0.74	1.00	0.74	1.00	0.74	2.45	22.50	0.04	
WT_EGFR	1433E_HUMAN	YWHAE	1|0|0|0	1	0.25	4	0|0|0|0	0.00	0.00	0.00	0.00	0.00	-0.06	2.50	0.50	
WT_EGFR	1433T_HUMAN	YWHAQ	1|0|0|0	1	0.25	4	0|0|0|0	0.00	0.00	0.00	0.00	0.00	-0.06	2.50	0.50	
WT_EGFR	LPPRC_HUMAN	LRPPRC	1|3|3|3	10	2.50	4	0|0|0|0	0.75	1.00	0.75	1.00	0.75	2.45	25.00	0.00	
WT_EGFR	ERRFI_HUMAN	ERRFI1	1|2|1|1	5	1.25	4	0|0|0|0	0.25	0.99	0.25	0.99	0.25	2.45	12.50	0.28	
WT_EGFR	AP2A1_HUMAN	AP2A1	1|1|1|1	4	1.00	4	0|0|0|0	0.00	0.00	0.00	0.00	0.00	2.45	10.00	0.50	
WT_EGFR	GRB7_HUMAN	GRB7	0|0|0|0	0	0.00	4	0|0|0|0	0.00	0.00	0.00	0.00	0.00	-0.06	0.00	0.50	
WT_EGFR	STAT3_HUMAN	STAT3	4|5|3|3	15	3.75	4	0|0|0|0	1.00	1.00	1.00	1.00	1.00	6.33	37.50	0.00	
WT_EGFR	ANXA2_HUMAN	ANXA2	3|4|0|1	8	2.00	4	0|0|0|0	0.50	1.00	0.50	1.00	0.50	-0.06	20.00	0.10	
WT_EGFR	PTPRA_HUMAN	PTPRA	0|0|0|0	0	0.00	4	0|0|0|0	0.00	0.00	0.00	0.00	0.00	-0.06	0.00	0.50	
WT_EGFR	C1QBP_HUMAN	C1QBP	0|0|0|0	0	0.00	4	7|5|0|0	0.00	0.00	0.00	0.00	0.00	-10.98	0.00	0.50	
WT_EGFR	SHC1_HUMAN	SHC1	0|0|0|0	0	0.00	4	0|0|0|0	0.00	0.00	0.00	0.00	0.00	-0.06	0.00	0.50	
WT_EGFR	PTN11_HUMAN	PTPN11	0|0|0|0	0	0.00	4	0|0|0|0	0.00	0.00	0.00	0.00	0.00	-0.06	0.00	0.50	
WT_EGFR	PON2_HUMAN	PON2	1|2|1|1	5	1.25	4	0|0|0|0	0.25	0.99	0.25	0.99	0.25	2.45	12.50	0.28	
WT_EGFR	MET_HUMAN	MET	0|0|0|0	0	0.00	4	0|0|0|0	0.00	0.00	0.00	0.00	0.00	-0.06	0.00	0.50	
WT_EGFR	CRKL_HUMAN	CRKL	0|0|0|0	0	0.00	4	0|0|0|0	0.00	0.00	0.00	0.00	0.00	-0.06	0.00	0.50	
WT_EGFR	CBL_HUMAN	CBL	0|0|0|0	0	0.00	4	0|0|0|0	0.00	0.00	0.00	0.00	0.00	-0.06	0.00	0.50	
WT_EGFR	PHLA2_HUMAN	PHLDA2	1|1|0|1	3	0.75	4	0|0|0|0	0.00	0.00	0.00	0.00	0.00	-0.06	7.50	0.50	
WT_EGFR	RT27_HUMAN	MRPS27	0|0|0|0	0	0.00	4	0|0|0|0	0.00	0.00	0.00	0.00	0.00	-0.06	0.00	0.50	
WT_EGFR	M2OM_HUMAN	SLC25A11	1|0|1|2	4	1.00	4	0|0|0|0	0.25	0.99	0.25	0.99	0.25	-0.06	10.00	0.28	
WT_EGFR	STAT1_HUMAN	STAT1	3|2|1|1	7	1.75	4	0|0|0|0	0.50	1.00	0.50	1.00	0.50	2.45	17.50	0.14	
WT_EGFR	SLIRP_HUMAN	SLIRP	2|1|2|1	6	1.50	4	0|0|0|0	0.49	0.99	0.49	0.99	0.49	2.45	15.00	0.18	
WT_EGFR	PK3CD_HUMAN	PIK3CD	0|0|0|0	0	0.00	4	0|0|0|0	0.00	0.00	0.00	0.00	0.00	-0.06	0.00	0.50	
WT_EGFR	GRP75_HUMAN	HSPA9	1|2|1|1	5	1.25	4	0|0|0|0	0.25	0.99	0.25	0.99	0.25	2.45	12.50	0.28	
WT_EGFR	AIFM1_HUMAN	AIFM1	0|0|0|0	0	0.00	4	0|0|0|0	0.00	0.00	0.00	0.00	0.00	-0.06	0.00	0.50	
WT_EGFR	PHB_HUMAN	PHB	2|1|1|0	4	1.00	4	0|0|0|0	0.25	0.99	0.25	0.99	0.25	-0.06	10.00	0.28	
WT_EGFR	HNRPK_HUMAN	HNRNPK	0|0|0|0	0	0.00	4	0|0|0|0	0.00	0.00	0.00	0.00	0.00	-0.06	0.00	0.50	
WT_EGFR	TMM33_HUMAN	TMEM33	2|0|1|0	3	0.75	4	0|0|0|0	0.25	0.99	0.25	0.99	0.25	-0.06	7.50	0.28	
WT_EGFR	RT34_HUMAN	MRPS34	0|0|0|0	0	0.00	4	0|0|0|0	0.00	0.00	0.00	0.00	0.00	-0.06	0.00	0.50	
WT_ERBB3	EGFR_HUMAN	EGFR	5|3|4|5	17	4.25	4	0|0|0|0	1.00	1.00	1.00	1.00	1.00	6.33	42.50	0.00	
WT_ERBB3	ERBB2_HUMAN	ERBB2	0|0|0|0	0	0.00	4	0|0|0|0	0.00	0.00	0.00	0.00	0.00	-0.06	0.00	0.50	
WT_ERBB3	P85B_HUMAN	PIK3R2	4|4|4|3	15	3.75	4	0|0|0|0	1.00	1.00	1.00	1.00	1.00	6.33	37.50	0.00	
WT_ERBB3	P55G_HUMAN	PIK3R3	2|2|3|3	10	2.50	4	0|0|0|0	0.99	1.00	0.99	1.00	0.99	4.48	25.00	0.00	
WT_ERBB3	P85A_HUMAN	PIK3R1	0|0|0|0	0	0.00	4	0|0|0|0	0.00	0.00	0.00	0.00	0.00	-0.06	0.00	0.50	
WT_ERBB3	K2C1_HUMAN	KRT1	8|8|6|6	28	7.00	4	10|10|7|7	0.00	0.00	0.00	0.00	0.00	-21.10	0.82	0.50	
WT_ERBB3	K1C10_HUMAN	KRT10	5|5|3|2	15	3.75	4	1|2|4|3	0.11	0.22	0.11	0.22	0.11	-5.55	1.50	0.44	
WT_ERBB3	K1C16_HUMAN	KRT16	0|1|0|0	1	0.25	4	1|1|2|2	0.00	0.00	0.00	0.00	0.00	-5.30	0.17	0.50	
WT_ERBB3	GRB2_HUMAN	GRB2	0|0|0|0	0	0.00	4	0|0|0|0	0.00	0.00	0.00	0.00	0.00	-0.06	0.00	0.50	
WT_ERBB3	GRP78_HUMAN	HSPA5	4|3|6|3	16	4.00	4	0|0|0|0	1.00	1.00	1.00	1.00	1.00	6.33	40.00	0.00	
WT_ERBB3	K22E_HUMAN	KRT2	5|5|4|4	18	4.50	4	4|4|1|1	0.14	0.22	0.14	0.22	0.14	-2.66	1.80	0.44	
WT_ERBB3	K2C8_HUMAN	KRT8	0|0|0|1	1	0.25	4	0|0|0|0	0.00	0.00	0.00	0.00	0.00	-0.06	2.50	0.50	
WT_ERBB3	K2C5_HUMAN	KRT5	3|2|2|2	9	2.25	4	1|1|2|0	0.52	0.75	0.52	0.75	0.52	-0.24	2.25	0.09	
WT_ERBB3	K2C4_HUMAN	KRT4	0|0|0|0	0	0.00	4	0|1|0|0	0.00	0.00	0.00	0.00	0.00	-0.60	0.00	0.50	
WT_ERBB3	K2C6B_HUMAN	KRT6B	3|3|3|3	12	3.00	4	2|2|2|1	0.19	0.19	0.19	0.19	0.19	-1.44	1.71	0.43	
WT_ERBB3	K2C7_HUMAN	KRT7	0|0|0|1	1	0.25	4	0|0|0|0	0.00	0.00	0.00	0.00	0.00	-0.06	2.50	0.50	
WT_ERBB3	HSP7C_HUMAN	HSPA8	5|4|6|5	20	5.00	4	0|0|1|1	0.99	1.00	0.99	1.00	0.99	4.18	10.00	0.00	
WT_ERBB3	PK3CA_HUMAN	PIK3CA	3|2|3|3	11	2.75	4	0|0|0|0	1.00	1.00	1.00	1.00	1.00	4.48	27.50	0.00	
WT_ERBB3	ERBB3_HUMAN	ERBB3	4|5|7|6	22	5.50	4	0|0|0|0	1.00	1.00	1.00	1.00	1.00	8.07	55.00	0.00	
WT_ERBB3	ADT2_HUMAN	SLC25A5	2|1|2|1	6	1.50	4	0|0|0|0	0.49	0.99	0.49	0.99	0.49	2.45	15.00	0.18	
WT_ERBB3	ADT3_HUMAN	SLC25A6	1|0|2|1	4	1.00	4	0|0|0|0	0.25	0.99	0.25	0.99	0.25	-0.06	10.00	0.28	
WT_ERBB3	K1C9_HUMAN	KRT9	1|2|0|1	4	1.00	4	0|0|1|0	0.23	0.93	0.23	0.93	0.23	-0.60	4.00	0.42	
WT_ERBB3	TBA1A_HUMAN	TUBA1A	1|1|2|2	6	1.50	4	0|0|0|0	0.49	0.99	0.49	0.99	0.49	2.45	15.00	0.18	
WT_ERBB3	TBA4A_HUMAN	TUBA4A	0|0|1|1	2	0.50	4	0|0|0|0	0.00	0.00	0.00	0.00	0.00	-0.06	5.00	0.50	
WT_ERBB3	ARHG5_HUMAN	ARHGEF5	0|0|0|0	0	0.00	4	0|0|0|0	0.00	0.00	0.00	0.00	0.00	-0.06	0.00	0.50	
WT_ERBB3	PK3CB_HUMAN	PIK3CB	0|1|1|1	3	0.75	4	0|0|0|0	0.00	0.00	0.00	0.00	0.00	-0.06	7.50	0.50	
WT_ERBB3	IRS1_HUMAN	IRS1	0|0|0|0	0	0.00	4	0|0|0|0	0.00	0.00	0.00	0.00	0.00	-0.06	0.00	0.50	
WT_ERBB3	TBB5_HUMAN	TUBB	0|1|2|1	4	1.00	4	0|0|0|0	0.25	0.99	0.25	0.99	0.25	-0.06	10.00	0.28	
WT_ERBB3	TBB3_HUMAN	TUBB3	0|0|0|0	0	0.00	4	0|0|0|0	0.00	0.00	0.00	0.00	0.00	-0.06	0.00	0.50	
WT_ERBB3	HS71A_HUMAN	HSPA1A	0|1|1|1	3	0.75	4	0|0|0|0	0.00	0.00	0.00	0.00	0.00	-0.06	7.50	0.50	
WT_ERBB3	HS90A_HUMAN	HSP90AA1	1|1|1|1	4	1.00	4	0|0|0|0	0.00	0.00	0.00	0.00	0.00	2.45	10.00	0.50	
WT_ERBB3	HS90B_HUMAN	HSP90AB1	1|1|1|1	4	1.00	4	0|0|0|0	0.00	0.00	0.00	0.00	0.00	2.45	10.00	0.50	
WT_ERBB3	1433E_HUMAN	YWHAE	0|0|0|0	0	0.00	4	0|0|0|0	0.00	0.00	0.00	0.00	0.00	-0.06	0.00	0.50	
WT_ERBB3	1433T_HUMAN	YWHAQ	0|0|0|0	0	0.00	4	0|0|0|0	0.00	0.00	0.00	0.00	0.00	-0.06	0.00	0.50	
WT_ERBB3	LPPRC_HUMAN	LRPPRC	0|0|0|0	0	0.00	4	0|0|0|0	0.00	0.00	0.00	0.00	0.00	-0.06	0.00	0.50	
WT_ERBB3	ERRFI_HUMAN	ERRFI1	0|0|0|0	0	0.00	4	0|0|0|0	0.00	0.00	0.00	0.00	0.00	-0.06	0.00	0.50	
WT_ERBB3	AP2A1_HUMAN	AP2A1	0|0|0|0	0	0.00	4	0|0|0|0	0.00	0.00	0.00	0.00	0.00	-0.06	0.00	0.50	
WT_ERBB3	GRB7_HUMAN	GRB7	0|1|1|1	3	0.75	4	0|0|0|0	0.00	0.00	0.00	0.00	0.00	-0.06	7.50	0.50	
WT_ERBB3	STAT3_HUMAN	STAT3	0|0|0|0	0	0.00	4	0|0|0|0	0.00	0.00	0.00	0.00	0.00	-0.06	0.00	0.50	
WT_ERBB3	ANXA2_HUMAN	ANXA2	0|0|0|0	0	0.00	4	0|0|0|0	0.00	0.00	0.00	0.00	0.00	-0.06	0.00	0.50	
WT_ERBB3	PTPRA_HUMAN	PTPRA	0|0|0|0	0	0.00	4	0|0|0|0	0.00	0.00	0.00	0.00	0.00	-0.06	0.00	0.50	
WT_ERBB3	C1QBP_HUMAN	C1QBP	0|0|0|0	0	0.00	4	7|5|0|0	0.00	0.00	0.00	0.00	0.00	-10.98	0.00	0.50	
WT_ERBB3	SHC1_HUMAN	SHC1	0|0|0|0	0	0.00	4	0|0|0|0	0.00	0.00	0.00	0.00	0.00	-0.06	0.00	0.50	
WT_ERBB3	PTN11_HUMAN	PTPN11	0|0|0|0	0	0.00	4	0|0|0|0	0.00	0.00	0.00	0.00	0.00	-0.06	0.00	0.50	
WT_ERBB3	PON2_HUMAN	PON2	1|1|1|0	3	0.75	4	0|0|0|0	0.00	0.00	0.00	0.00	0.00	-0.06	7.50	0.50	
WT_ERBB3	MET_HUMAN	MET	0|0|0|0	0	0.00	4	0|0|0|0	0.00	0.00	0.00	0.00	0.00	-0.06	0.00	0.50	
WT_ERBB3	CRKL_HUMAN	CRKL	0|0|0|0	0	0.00	4	0|0|0|0	0.00	0.00	0.00	0.00	0.00	-0.06	0.00	0.50	
WT_ERBB3	CBL_HUMAN	CBL	0|0|0|0	0	0.00	4	0|0|0|0	0.00	0.00	0.00	0.00	0.00	-0.06	0.00	0.50	
WT_ERBB3	PHLA2_HUMAN	PHLDA2	2|0|0|1	3	0.75	4	0|0|0|0	0.25	0.99	0.25	0.99	0.25	-0.06	7.50	0.28	
WT_ERBB3	RT27_HUMAN	MRPS27	1|2|1|1	5	1.25	4	0|0|0|0	0.25	0.99	0.25	0.99	0.25	2.45	12.50	0.28	
WT_ERBB3	M2OM_HUMAN	SLC25A11	0|0|0|0	0	0.00	4	0|0|0|0	0.00	0.00	0.00	0.00	0.00	-0.06	0.00	0.50	
WT_ERBB3	STAT1_HUMAN	STAT1	0|0|0|0	0	0.00	4	0|0|0|0	0.00	0.00	0.00	0.00	0.00	-0.06	0.00	0.50	
WT_ERBB3	SLIRP_HUMAN	SLIRP	0|0|0|0	0	0.00	4	0|0|0|0	0.00	0.00	0.00	0.00	0.00	-0.06	0.00	0.50	
WT_ERBB3	PK3CD_HUMAN	PIK3CD	0|0|0|0	0	0.00	4	0|0|0|0	0.00	0.00	0.00	0.00	0.00	-0.06	0.00	0.50	
WT_ERBB3	GRP75_HUMAN	HSPA9	0|0|0|0	0	0.00	4	0|0|0|0	0.00	0.00	0.00	0.00	0.00	-0.06	0.00	0.50	
WT_ERBB3	AIFM1_HUMAN	AIFM1	1|1|1|2	5	1.25	4	0|0|0|0	0.25	0.99	0.25	0.99	0.25	2.45	12.50	0.28	
WT_ERBB3	PHB_HUMAN	PHB	0|0|0|0	0	0.00	4	0|0|0|0	0.00	0.00	0.00	0.00	0.00	-0.06	0.00	0.50	
WT_ERBB3	HNRPK_HUMAN	HNRNPK	0|0|0|0	0	0.00	4	0|0|0|0	0.00	0.00	0.00	0.00	0.00	-0.06	0.00	0.50	
WT_ERBB3	TMM33_HUMAN	TMEM33	0|0|0|0	0	0.00	4	0|0|0|0	0.00	0.00	0.00	0.00	0.00	-0.06	0.00	0.50	
WT_ERBB3	RT34_HUMAN	MRPS34	1|0|1|2	4	1.00	4	0|0|0|0	0.25	0.99	0.25	0.99	0.25	-0.06	10.00	0.28	
WT_GRB2	EGFR_HUMAN	EGFR	19|18|36|36	109	27.25	4	0|0|0|0	1.00	1.00	1.00	1.00	1.00	29.72	272.50	0.00	
WT_GRB2	ERBB2_HUMAN	ERBB2	0|0|3|1	4	1.00	4	0|0|0|0	0.25	1.00	0.25	1.00	0.25	-0.06	10.00	0.27	
WT_GRB2	P85B_HUMAN	PIK3R2	2|0|3|3	8	2.00	4	0|0|0|0	0.75	1.00	0.75	1.00	0.75	-0.06	20.00	0.02	
WT_GRB2	P55G_HUMAN	PIK3R3	0|0|0|0	0	0.00	4	0|0|0|0	0.00	0.00	0.00	0.00	0.00	-0.06	0.00	0.50	
WT_GRB2	P85A_HUMAN	PIK3R1	0|0|0|0	0	0.00	4	0|0|0|0	0.00	0.00	0.00	0.00	0.00	-0.06	0.00	0.50	
WT_GRB2	K2C1_HUMAN	KRT1	10|7|13|10	40	10.00	4	10|10|7|7	0.00	0.00	0.00	0.00	0.00	-19.47	1.18	0.49	
WT_GRB2	K1C10_HUMAN	KRT10	3|3|9|9	24	6.00	4	1|2|4|3	0.50	0.98	0.50	0.98	0.50	-4.07	2.40	0.17	
WT_GRB2	K1C16_HUMAN	KRT16	0|0|0|0	0	0.00	4	1|1|2|2	0.00	0.00	0.00	0.00	0.00	-5.30	0.00	0.50	
WT_GRB2	GRB2_HUMAN	GRB2	9|6|10|11	36	9.00	4	0|0|0|0	1.00	1.00	1.00	1.00	1.00	11.38	90.00	0.00	
WT_GRB2	GRP78_HUMAN	HSPA5	0|0|0|0	0	0.00	4	0|0|0|0	0.00	0.00	0.00	0.00	0.00	-0.06	0.00	0.50	
WT_GRB2	K22E_HUMAN	KRT2	4|5|4|4	17	4.25	4	4|4|1|1	0.10	0.22	0.10	0.22	0.10	-2.66	1.70	0.45	
WT_GRB2	K2C8_HUMAN	KRT8	0|0|2|0	2	0.50	4	0|0|0|0	0.25	0.99	0.25	0.99	0.25	-0.06	5.00	0.28	
WT_GRB2	K2C5_HUMAN	KRT5	2|2|2|1	7	1.75	4	1|1|2|0	0.33	0.44	0.33	0.44	0.33	-1.69	1.75	0.24	
WT_GRB2	K2C4_HUMAN	KRT4	0|0|0|0	0	0.00	4	0|1|0|0	0.00	0.00	0.00	0.00	0.00	-0.60	0.00	0.50	
WT_GRB2	K2C6B_HUMAN	KRT6B	2|2|3|2	9	2.25	4	2|2|2|1	0.09	0.19	0.09	0.19	0.09	-2.87	1.29	0.45	
WT_GRB2	K2C7_HUMAN	KRT7	0|0|2|0	2	0.50	4	0|0|0|0	0.25	0.99	0.25	0.99	0.25	-0.06	5.00	0.28	
WT_GRB2	HSP7C_HUMAN	HSPA8	2|2|1|1	6	1.50	4	0|0|1|1	0.40	0.81	0.40	0.81	0.40	0.11	3.00	0.24	
WT_GRB2	PK3CA_HUMAN	PIK3CA	0|0|0|0	0	0.00	4	0|0|0|0	0.00	0.00	0.00	0.00	0.00	-0.06	0.00	0.50	
WT_GRB2	ERBB3_HUMAN	ERBB3	0|0|0|0	0	0.00	4	0|0|0|0	0.00	0.00	0.00	0.00	0.00	-0.06	0.00	0.50	
WT_GRB2	ADT2_HUMAN	SLC25A5	2|3|3|3	11	2.75	4	0|0|0|0	1.00	1.00	1.00	1.00	1.00	4.48	27.50	0.00	
WT_GRB2	ADT3_HUMAN	SLC25A6	1|2|2|2	7	1.75	4	0|0|0|0	0.74	0.99	0.74	0.99	0.74	2.45	17.50	0.05	
WT_GRB2	K1C9_HUMAN	KRT9	3|1|2|1	7	1.75	4	0|0|1|0	0.48	0.99	0.48	0.99	0.48	1.01	7.00	0.23	
WT_GRB2	TBA1A_HUMAN	TUBA1A	0|0|2|0	2	0.50	4	0|0|0|0	0.25	0.99	0.25	0.99	0.25	-0.06	5.00	0.28	
WT_GRB2	TBA4A_HUMAN	TUBA4A	0|0|2|1	3	0.75	4	0|0|0|0	0.25	0.99	0.25	0.99	0.25	-0.06	7.50	0.28	
WT_GRB2	ARHG5_HUMAN	ARHGEF5	5|7|12|11	35	8.75	4	0|0|0|0	1.00	1.00	1.00	1.00	1.00	9.75	87.50	0.00	
WT_GRB2	PK3CB_HUMAN	PIK3CB	0|0|0|0	0	0.00	4	0|0|0|0	0.00	0.00	0.00	0.00	0.00	-0.06	0.00	0.50	
WT_GRB2	IRS1_HUMAN	IRS1	0|0|0|0	0	0.00	4	0|0|0|0	0.00	0.00	0.00	0.00	0.00	-0.06	0.00	0.50	
WT_GRB2	TBB5_HUMAN	TUBB	1|1|2|1	5	1.25	4	0|0|0|0	0.25	0.99	0.25	0.99	0.25	2.45	12.50	0.28	
WT_GRB2	TBB3_HUMAN	TUBB3	0|0|0|0	0	0.00	4	0|0|0|0	0.00	0.00	0.00	0.00	0.00	-0.06	0.00	0.50	
WT_GRB2	HS71A_HUMAN	HSPA1A	0|1|1|1	3	0.75	4	0|0|0|0	0.00	0.00	0.00	0.00	0.00	-0.06	7.50	0.50	
WT_GRB2	HS90A_HUMAN	HSP90AA1	0|0|0|0	0	0.00	4	0|0|0|0	0.00	0.00	0.00	0.00	0.00	-0.06	0.00	0.50	
WT_GRB2	HS90B_HUMAN	HSP90AB1	0|0|0|0	0	0.00	4	0|0|0|0	0.00	0.00	0.00	0.00	0.00	-0.06	0.00	0.50	
WT_GRB2	1433E_HUMAN	YWHAE	0|0|2|0	2	0.50	4	0|0|0|0	0.25	0.99	0.25	0.99	0.25	-0.06	5.00	0.28	
WT_GRB2	1433T_HUMAN	YWHAQ	0|0|2|1	3	0.75	4	0|0|0|0	0.25	0.99	0.25	0.99	0.25	-0.06	7.50	0.28	
WT_GRB2	LPPRC_HUMAN	LRPPRC	0|1|0|0	1	0.25	4	0|0|0|0	0.00	0.00	0.00	0.00	0.00	-0.06	2.50	0.50	
WT_GRB2	ERRFI_HUMAN	ERRFI1	0|0|2|1	3	0.75	4	0|0|0|0	0.25	0.99	0.25	0.99	0.25	-0.06	7.50	0.28	
WT_GRB2	AP2A1_HUMAN	AP2A1	3|3|2|3	11	2.75	4	0|0|0|0	1.00	1.00	1.00	1.00	1.00	4.48	27.50	0.00	
WT_GRB2	GRB7_HUMAN	GRB7	0|0|0|0	0	0.00	4	0|0|0|0	0.00	0.00	0.00	0.00	0.00	-0.06	0.00	0.50	
WT_GRB2	STAT3_HUMAN	STAT3	0|0|0|0	0	0.00	4	0|0|0|0	0.00	0.00	0.00	0.00	0.00	-0.06	0.00	0.50	
WT_GRB2	ANXA2_HUMAN	ANXA2	0|0|3|3	6	1.50	4	0|0|0|0	0.50	1.00	0.50	1.00	0.50	-0.06	15.00	0.12	
WT_GRB2	PTPRA_HUMAN	PTPRA	0|3|3|3	9	2.25	4	0|0|0|0	0.75	1.00	0.75	1.00	0.75	-0.06	22.50	0.00	
WT_GRB2	C1QBP_HUMAN	C1QBP	0|0|0|0	0	0.00	4	7|5|0|0	0.00	0.00	0.00	0.00	0.00	-10.98	0.00	0.50	
WT_GRB2	SHC1_HUMAN	SHC1	2|3|3|2	10	2.50	4	0|0|0|0	0.99	1.00	0.99	1.00	0.99	4.48	25.00	0.00	
WT_GRB2	PTN11_HUMAN	PTPN11	0|0|1|1	2	0.50	4	0|0|0|0	0.00	0.00	0.00	0.00	0.00	-0.06	5.00	0.50	
WT_GRB2	PON2_HUMAN	PON2	0|0|0|0	0	0.00	4	0|0|0|0	0.00	0.00	0.00	0.00	0.00	-0.06	0.00	0.50	
WT_GRB2	MET_HUMAN	MET	0|0|1|1	2	0.50	4	0|0|0|0	0.00	0.00	0.00	0.00	0.00	-0.06	5.00	0.50	
WT_GRB2	CRKL_HUMAN	CRKL	0|0|0|0	0	0.00	4	0|0|0|0	0.00	0.00	0.00	0.00	0.00	-0.06	0.00	0.50	
WT_GRB2	CBL_HUMAN	CBL	0|0|1|0	1	0.25	4	0|0|0|0	0.00	0.00	0.00	0.00	0.00	-0.06	2.50	0.50	
WT_GRB2	PHLA2_HUMAN	PHLDA2	0|0|0|0	0	0.00	4	0|0|0|0	0.00	0.00	0.00	0.00	0.00	-0.06	0.00	0.50	
WT_GRB2	RT27_HUMAN	MRPS27	0|0|0|0	0	0.00	4	0|0|0|0	0.00	0.00	0.00	0.00	0.00	-0.06	0.00	0.50	
WT_GRB2	M2OM_HUMAN	SLC25A11	0|0|0|0	0	0.00	4	0|0|0|0	0.00	0.00	0.00	0.00	0.00	-0.06	0.00	0.50	
WT_GRB2	STAT1_HUMAN	STAT1	0|0|0|0	0	0.00	4	0|0|0|0	0.00	0.00	0.00	0.00	0.00	-0.06	0.00	0.50	
WT_GRB2	SLIRP_HUMAN	SLIRP	0|0|0|0	0	0.00	4	0|0|0|0	0.00	0.00	0.00	0.00	0.00	-0.06	0.00	0.50	
WT_GRB2	PK3CD_HUMAN	PIK3CD	0|0|0|0	0	0.00	4	0|0|0|0	0.00	0.00	0.00	0.00	0.00	-0.06	0.00	0.50	
WT_GRB2	GRP75_HUMAN	HSPA9	0|0|0|0	0	0.00	4	0|0|0|0	0.00	0.00	0.00	0.00	0.00	-0.06	0.00	0.50	
WT_GRB2	AIFM1_HUMAN	AIFM1	0|0|0|0	0	0.00	4	0|0|0|0	0.00	0.00	0.00	0.00	0.00	-0.06	0.00	0.50	
WT_GRB2	PHB_HUMAN	PHB	0|0|0|0	0	0.00	4	0|0|0|0	0.00	0.00	0.00	0.00	0.00	-0.06	0.00	0.50	
WT_GRB2	HNRPK_HUMAN	HNRNPK	0|1|1|2	4	1.00	4	0|0|0|0	0.25	0.99	0.25	0.99	0.25	-0.06	10.00	0.28	
WT_GRB2	TMM33_HUMAN	TMEM33	0|0|0|0	0	0.00	4	0|0|0|0	0.00	0.00	0.00	0.00	0.00	-0.06	0.00	0.50	
WT_GRB2	RT34_HUMAN	MRPS34	0|0|0|0	0	0.00	4	0|0|0|0	0.00	0.00	0.00	0.00	0.00	-0.06	0.00	0.50	
WT_P85B	EGFR_HUMAN	EGFR	7|6|12|7	32	8.00	4	0|0|0|0	1.00	1.00	1.00	1.00	1.00	11.38	80.00	0.00	
WT_P85B	ERBB2_HUMAN	ERBB2	0|0|0|0	0	0.00	4	0|0|0|0	0.00	0.00	0.00	0.00	0.00	-0.06	0.00	0.50	
WT_P85B	P85B_HUMAN	PIK3R2	26|41|47|39	153	38.25	4	0|0|0|0	1.00	1.00	1.00	1.00	1.00	41.47	382.50	0.00	
WT_P85B	P55G_HUMAN	PIK3R3	3|4|2|3	12	3.00	4	0|0|0|0	1.00	1.00	1.00	1.00	1.00	4.48	30.00	0.00	
WT_P85B	P85A_HUMAN	PIK3R1	0|0|0|0	0	0.00	4	0|0|0|0	0.00	0.00	0.00	0.00	0.00	-0.06	0.00	0.50	
WT_P85B	K2C1_HUMAN	KRT1	16|14|9|7	46	11.50	4	10|10|7|7	0.00	0.00	0.00	0.00	0.00	-19.47	1.35	0.49	
WT_P85B	K1C10_HUMAN	KRT10	11|8|2|3	24	6.00	4	1|2|4|3	0.49	1.00	0.49	1.00	0.49	-5.55	2.40	0.22	
WT_P85B	K1C16_HUMAN	KRT16	2|1|0|0	3	0.75	4	1|1|2|2	0.03	0.12	0.03	0.12	0.03	-5.30	0.50	0.47	
WT_P85B	GRB2_HUMAN	GRB2	0|1|1|1	3	0.75	4	0|0|0|0	0.00	0.00	0.00	0.00	0.00	-0.06	7.50	0.50	
WT_P85B	GRP78_HUMAN	HSPA5	0|0|0|0	0	0.00	4	0|0|0|0	0.00	0.00	0.00	0.00	0.00	-0.06	0.00	0.50	
WT_P85B	K22E_HUMAN	KRT2	8|8|3|4	23	5.75	4	4|4|1|1	0.49	0.93	0.49	0.93	0.49	-4.08	2.30	0.22	
WT_P85B	K2C8_HUMAN	KRT8	0|0|0|0	0	0.00	4	0|0|0|0	0.00	0.00	0.00	0.00	0.00	-0.06	0.00	0.50	
WT_P85B	K2C5_HUMAN	KRT5	0|2|0|0	2	0.50	4	1|1|2|0	0.11	0.44	0.11	0.44	0.11	-3.09	0.50	0.44	
WT_P85B	K2C4_HUMAN	KRT4	4|3|0|0	7	1.75	4	0|1|0|0	0.50	1.00	0.50	1.00	0.50	-0.60	7.00	0.18	
WT_P85B	K2C6B_HUMAN	KRT6B	4|4|2|0	10	2.50	4	2|2|2|1	0.25	0.48	0.25	0.48	0.25	-6.35	1.43	0.26	
WT_P85B	K2C7_HUMAN	KRT7	0|0|0|0	0	0.00	4	0|0|0|0	0.00	0.00	0.00	0.00	0.00	-0.06	0.00	0.50	
WT_P85B	HSP7C_HUMAN	HSPA8	1|0|0|0	1	0.25	4	0|0|1|1	0.00	0.00	0.00	0.00	0.00	-1.50	0.50	0.50	
WT_P85B	PK3CA_HUMAN	PIK3CA	6|7|11|10	34	8.50	4	0|0|0|0	1.00	1.00	1.00	1.00	1.00	11.38	85.00	0.00	
WT_P85B	ERBB3_HUMAN	ERBB3	2|2|4|4	12	3.00	4	0|0|0|0	0.99	1.00	0.99	1.00	0.99	4.48	30.00	0.00	
WT_P85B	ADT2_HUMAN	SLC25A5	1|0|1|0	2	0.50	4	0|0|0|0	0.00	0.00	0.00	0.00	0.00	-0.06	5.00	0.50	
WT_P85B	ADT3_HUMAN	SLC25A6	0|0|1|0	1	0.25	4	0|0|0|0	0.00	0.00	0.00	0.00	0.00	-0.06	2.50	0.50	
WT_P85B	K1C9_HUMAN	KRT9	4|2|0|1	7	1.75	4	0|0|1|0	0.48	1.00	0.48	1.00	0.48	-0.60	7.00	0.23	
WT_P85B	TBA1A_HUMAN	TUBA1A	0|0|0|0	0	0.00	4	0|0|0|0	0.00	0.00	0.00	0.00	0.00	-0.06	0.00	0.50	
WT_P85B	TBA4A_HUMAN	TUBA4A	0|0|0|0	0	0.00	4	0|0|0|0	0.00	0.00	0.00	0.00	0.00	-0.06	0.00	0.50	
WT_P85B	ARHG5_HUMAN	ARHGEF5	0|0|0|0	0	0.00	4	0|0|0|0	0.00	0.00	0.00	0.00	0.00	-0.06	0.00	0.50	
WT_P85B	PK3CB_HUMAN	PIK3CB	4|2|5|4	15	3.75	4	0|0|0|0	1.00	1.00	1.00	1.00	1.00	4.48	37.50	0.00	
WT_P85B	IRS1_HUMAN	IRS1	3|2|6|3	14	3.50	4	0|0|0|0	1.00	1.00	1.00	1.00	1.00	4.48	35.00	0.00	
WT_P85B	TBB5_HUMAN	TUBB	0|0|0|0	0	0.00	4	0|0|0|0	0.00	0.00	0.00	0.00	0.00	-0.06	0.00	0.50	
WT_P85B	TBB3_HUMAN	TUBB3	0|0|0|0	0	0.00	4	0|0|0|0	0.00	0.00	0.00	0.00	0.00	-0.06	0.00	0.50	
WT_P85B	HS71A_HUMAN	HSPA1A	0|0|0|0	0	0.00	4	0|0|0|0	0.00	0.00	0.00	0.00	0.00	-0.06	0.00	0.50	
WT_P85B	HS90A_HUMAN	HSP90AA1	0|0|0|0	0	0.00	4	0|0|0|0	0.00	0.00	0.00	0.00	0.00	-0.06	0.00	0.50	
WT_P85B	HS90B_HUMAN	HSP90AB1	0|0|0|0	0	0.00	4	0|0|0|0	0.00	0.00	0.00	0.00	0.00	-0.06	0.00	0.50	
WT_P85B	1433E_HUMAN	YWHAE	2|2|1|1	6	1.50	4	0|0|0|0	0.49	0.99	0.49	0.99	0.49	2.45	15.00	0.18	
WT_P85B	1433T_HUMAN	YWHAQ	1|1|2|1	5	1.25	4	0|0|0|0	0.25	0.99	0.25	0.99	0.25	2.45	12.50	0.28	
WT_P85B	LPPRC_HUMAN	LRPPRC	0|0|0|0	0	0.00	4	0|0|0|0	0.00	0.00	0.00	0.00	0.00	-0.06	0.00	0.50	
WT_P85B	ERRFI_HUMAN	ERRFI1	0|0|0|0	0	0.00	4	0|0|0|0	0.00	0.00	0.00	0.00	0.00	-0.06	0.00	0.50	
WT_P85B	AP2A1_HUMAN	AP2A1	0|0|0|0	0	0.00	4	0|0|0|0	0.00	0.00	0.00	0.00	0.00	-0.06	0.00	0.50	
WT_P85B	GRB7_HUMAN	GRB7	1|1|5|3	10	2.50	4	0|0|0|0	0.50	1.00	0.50	1.00	0.50	2.45	25.00	0.09	
WT_P85B	STAT3_HUMAN	STAT3	0|0|0|1	1	0.25	4	0|0|0|0	0.00	0.00	0.00	0.00	0.00	-0.06	2.50	0.50	
WT_P85B	ANXA2_HUMAN	ANXA2	0|0|0|0	0	0.00	4	0|0|0|0	0.00	0.00	0.00	0.00	0.00	-0.06	0.00	0.50	
WT_P85B	PTPRA_HUMAN	PTPRA	0|0|0|0	0	0.00	4	0|0|0|0	0.00	0.00	0.00	0.00	0.00	-0.06	0.00	0.50	
WT_P85B	C1QBP_HUMAN	C1QBP	0|0|0|0	0	0.00	4	7|5|0|0	0.00	0.00	0.00	0.00	0.00	-10.98	0.00	0.50	
WT_P85B	SHC1_HUMAN	SHC1	0|0|1|0	1	0.25	4	0|0|0|0	0.00	0.00	0.00	0.00	0.00	-0.06	2.50	0.50	
WT_P85B	PTN11_HUMAN	PTPN11	1|1|2|1	5	1.25	4	0|0|0|0	0.25	0.99	0.25	0.99	0.25	2.45	12.50	0.28	
WT_P85B	PON2_HUMAN	PON2	0|0|0|0	0	0.00	4	0|0|0|0	0.00	0.00	0.00	0.00	0.00	-0.06	0.00	0.50	
WT_P85B	MET_HUMAN	MET	0|0|0|0	0	0.00	4	0|0|0|0	0.00	0.00	0.00	0.00	0.00	-0.06	0.00	0.50	
WT_P85B	CRKL_HUMAN	CRKL	2|1|1|2	6	1.50	4	0|0|0|0	0.49	0.99	0.49	0.99	0.49	2.45	15.00	0.18	
WT_P85B	CBL_HUMAN	CBL	0|2|2|0	4	1.00	4	0|0|0|0	0.49	0.99	0.49	0.99	0.49	-0.06	10.00	0.18	
WT_P85B	PHLA2_HUMAN	PHLDA2	0|0|0|0	0	0.00	4	0|0|0|0	0.00	0.00	0.00	0.00	0.00	-0.06	0.00	0.50	
WT_P85B	RT27_HUMAN	MRPS27	0|0|0|0	0	0.00	4	0|0|0|0	0.00	0.00	0.00	0.00	0.00	-0.06	0.00	0.50	
WT_P85B	M2OM_HUMAN	SLC25A11	0|0|0|0	0	0.00	4	0|0|0|0	0.00	0.00	0.00	0.00	0.00	-0.06	0.00	0.50	
WT_P85B	STAT1_HUMAN	STAT1	0|0|0|0	0	0.00	4	0|0|0|0	0.00	0.00	0.00	0.00	0.00	-0.06	0.00	0.50	
WT_P85B	SLIRP_HUMAN	SLIRP	0|0|0|0	0	0.00	4	0|0|0|0	0.00	0.00	0.00	0.00	0.00	-0.06	0.00	0.50	
WT_P85B	PK3CD_HUMAN	PIK3CD	2|2|2|1	7	1.75	4	0|0|0|0	0.74	0.99	0.74	0.99	0.74	2.45	17.50	0.05	
WT_P85B	GRP75_HUMAN	HSPA9	0|0|0|0	0	0.00	4	0|0|0|0	0.00	0.00	0.00	0.00	0.00	-0.06	0.00	0.50	
WT_P85B	AIFM1_HUMAN	AIFM1	0|0|0|0	0	0.00	4	0|0|0|0	0.00	0.00	0.00	0.00	0.00	-0.06	0.00	0.50	
WT_P85B	PHB_HUMAN	PHB	0|0|0|0	0	0.00	4	0|0|0|0	0.00	0.00	0.00	0.00	0.00	-0.06	0.00	0.50	
WT_P85B	HNRPK_HUMAN	HNRNPK	0|0|1|0	1	0.25	4	0|0|0|0	0.00	0.00	0.00	0.00	0.00	-0.06	2.50	0.50	
WT_P85B	TMM33_HUMAN	TMEM33	0|0|0|0	0	0.00	4	0|0|0|0	0.00	0.00	0.00	0.00	0.00	-0.06	0.00	0.50	
WT_P85B	RT34_HUMAN	MRPS34	0|0|0|0	0	0.00	4	0|0|0|0	0.00	0.00	0.00	0.00	0.00	-0.06	0.00	0.50	
ER_EGFR	EGFR_HUMAN	EGFR	36|29|12|9	86	21.50	4	0|0|0|0	1.00	1.00	1.00	1.00	1.00	16.13	215.00	0.00	
ER_EGFR	ERBB2_HUMAN	ERBB2	2|1|0|0	3	0.75	4	0|0|0|0	0.25	0.99	0.25	0.99	0.25	-0.06	7.50	0.28	
ER_EGFR	P85B_HUMAN	PIK3R2	0|0|0|0	0	0.00	4	0|0|0|0	0.00	0.00	0.00	0.00	0.00	-0.06	0.00	0.50	
ER_EGFR	P55G_HUMAN	PIK3R3	0|0|0|0	0	0.00	4	0|0|0|0	0.00	0.00	0.00	0.00	0.00	-0.06	0.00	0.50	
ER_EGFR	P85A_HUMAN	PIK3R1	0|0|0|0	0	0.00	4	0|0|0|0	0.00	0.00	0.00	0.00	0.00	-0.06	0.00	0.50	
ER_EGFR	K2C1_HUMAN	KRT1	17|17|1|1	36	9.00	4	10|10|7|7	0.00	0.00	0.00	0.00	0.00	-32.32	1.06	0.49	
ER_EGFR	K1C10_HUMAN	KRT10	10|11|1|1	23	5.75	4	1|2|4|3	0.50	1.00	0.50	1.00	0.50	-7.19	2.30	0.13	
ER_EGFR	K1C16_HUMAN	KRT16	0|0|0|0	0	0.00	4	1|1|2|2	0.00	0.00	0.00	0.00	0.00	-5.30	0.00	0.50	
ER_EGFR	GRB2_HUMAN	GRB2	1|1|0|0	2	0.50	4	0|0|0|0	0.00	0.00	0.00	0.00	0.00	-0.06	5.00	0.50	
ER_EGFR	GRP78_HUMAN	HSPA5	9|9|2|1	21	5.25	4	0|0|0|0	0.75	1.00	0.75	1.00	0.75	2.45	52.50	0.02	
ER_EGFR	K22E_HUMAN	KRT2	7|5|1|1	14	3.50	4	4|4|1|1	0.25	0.79	0.25	0.79	0.25	-7.20	1.40	0.26	
ER_EGFR	K2C8_HUMAN	KRT8	3|2|0|0	5	1.25	4	0|0|0|0	0.50	1.00	0.50	1.00	0.50	-0.06	12.50	0.14	
ER_EGFR	K2C5_HUMAN	KRT5	3|2|0|0	5	1.25	4	1|1|2|0	0.30	0.75	0.30	0.75	0.30	-3.09	1.25	0.25	
ER_EGFR	K2C4_HUMAN	KRT4	2|0|0|0	2	0.50	4	0|1|0|0	0.23	0.93	0.23	0.93	0.23	-0.60	2.00	0.42	
ER_EGFR	K2C6B_HUMAN	KRT6B	5|3|0|0	8	2.00	4	2|2|2|1	0.24	0.77	0.24	0.77	0.24	-6.35	1.14	0.41	
ER_EGFR	K2C7_HUMAN	KRT7	0|0|0|0	0	0.00	4	0|0|0|0	0.00	0.00	0.00	0.00	0.00	-0.06	0.00	0.50	
ER_EGFR	HSP7C_HUMAN	HSPA8	10|15|2|2	29	7.25	4	0|0|1|1	0.90	1.00	0.90	1.00	0.90	1.44	14.50	0.00	
ER_EGFR	PK3CA_HUMAN	PIK3CA	0|0|0|0	0	0.00	4	0|0|0|0	0.00	0.00	0.00	0.00	0.00	-0.06	0.00	0.50	
ER_EGFR	ERBB3_HUMAN	ERBB3	0|0|0|0	0	0.00	4	0|0|0|0	0.00	0.00	0.00	0.00	0.00	-0.06	0.00	0.50	
ER_EGFR	ADT2_HUMAN	SLC25A5	3|2|0|0	5	1.25	4	0|0|0|0	0.50	1.00	0.50	1.00	0.50	-0.06	12.50	0.14	
ER_EGFR	ADT3_HUMAN	SLC25A6	3|2|0|0	5	1.25	4	0|0|0|0	0.50	1.00	0.50	1.00	0.50	-0.06	12.50	0.14	
ER_EGFR	K1C9_HUMAN	KRT9	3|5|0|0	8	2.00	4	0|0|1|0	0.50	1.00	0.50	1.00	0.50	-0.60	8.00	0.17	
ER_EGFR	TBA1A_HUMAN	TUBA1A	1|1|0|0	2	0.50	4	0|0|0|0	0.00	0.00	0.00	0.00	0.00	-0.06	5.00	0.50	
ER_EGFR	TBA4A_HUMAN	TUBA4A	1|2|0|0	3	0.75	4	0|0|0|0	0.25	0.99	0.25	0.99	0.25	-0.06	7.50	0.28	
ER_EGFR	ARHG5_HUMAN	ARHGEF5	0|0|0|0	0	0.00	4	0|0|0|0	0.00	0.00	0.00	0.00	0.00	-0.06	0.00	0.50	
ER_EGFR	PK3CB_HUMAN	PIK3CB	0|0|0|0	0	0.00	4	0|0|0|0	0.00	0.00	0.00	0.00	0.00	-0.06	0.00	0.50	
ER_EGFR	IRS1_HUMAN	IRS1	0|0|0|0	0	0.00	4	0|0|0|0	0.00	0.00	0.00	0.00	0.00	-0.06	0.00	0.50	
ER_EGFR	TBB5_HUMAN	TUBB	3|1|0|0	4	1.00	4	0|0|0|0	0.25	1.00	0.25	1.00	0.25	-0.06	10.00	0.27	
ER_EGFR	TBB3_HUMAN	TUBB3	0|0|0|0	0	0.00	4	0|0|0|0	0.00	0.00	0.00	0.00	0.00	-0.06	0.00	0.50	
ER_EGFR	HS71A_HUMAN	HSPA1A	2|3|1|1	7	1.75	4	0|0|0|0	0.50	1.00	0.50	1.00	0.50	2.45	17.50	0.14	
ER_EGFR	HS90A_HUMAN	HSP90AA1	2|2|0|0	4	1.00	4	0|0|0|0	0.49	0.99	0.49	0.99	0.49	-0.06	10.00	0.18	
ER_EGFR	HS90B_HUMAN	HSP90AB1	1|1|0|0	2	0.50	4	0|0|0|0	0.00	0.00	0.00	0.00	0.00	-0.06	5.00	0.50	
ER_EGFR	1433E_HUMAN	YWHAE	0|0|0|0	0	0.00	4	0|0|0|0	0.00	0.00	0.00	0.00	0.00	-0.06	0.00	0.50	
ER_EGFR	1433T_HUMAN	YWHAQ	0|0|0|0	0	0.00	4	0|0|0|0	0.00	0.00	0.00	0.00	0.00	-0.06	0.00	0.50	
ER_EGFR	LPPRC_HUMAN	LRPPRC	1|1|0|0	2	0.50	4	0|0|0|0	0.00	0.00	0.00	0.00	0.00	-0.06	5.00	0.50	
ER_EGFR	ERRFI_HUMAN	ERRFI1	1|2|0|0	3	0.75	4	0|0|0|0	0.25	0.99	0.25	0.99	0.25	-0.06	7.50	0.28	
ER_EGFR	AP2A1_HUMAN	AP2A1	0|0|0|0	0	0.00	4	0|0|0|0	0.00	0.00	0.00	0.00	0.00	-0.06	0.00	0.50	
ER_EGFR	GRB7_HUMAN	GRB7	0|0|0|0	0	0.00	4	0|0|0|0	0.00	0.00	0.00	0.00	0.00	-0.06	0.00	0.50	
ER_EGFR	STAT3_HUMAN	STAT3	0|0|0|0	0	0.00	4	0|0|0|0	0.00	0.00	0.00	0.00	0.00	-0.06	0.00	0.50	
ER_EGFR	ANXA2_HUMAN	ANXA2	2|0|0|0	2	0.50	4	0|0|0|0	0.25	0.99	0.25	0.99	0.25	-0.06	5.00	0.28	
ER_EGFR	PTPRA_HUMAN	PTPRA	0|0|0|0	0	0.00	4	0|0|0|0	0.00	0.00	0.00	0.00	0.00	-0.06	0.00	0.50	
ER_EGFR	C1QBP_HUMAN	C1QBP	0|1|0|0	1	0.25	4	7|5|0|0	0.00	0.00	0.00	0.00	0.00	-10.98	0.08	0.50	
ER_EGFR	SHC1_HUMAN	SHC1	0|0|0|0	0	0.00	4	0|0|0|0	0.00	0.00	0.00	0.00	0.00	-0.06	0.00	0.50	
ER_EGFR	PTN11_HUMAN	PTPN11	0|0|0|0	0	0.00	4	0|0|0|0	0.00	0.00	0.00	0.00	0.00	-0.06	0.00	0.50	
ER_EGFR	PON2_HUMAN	PON2	1|2|0|0	3	0.75	4	0|0|0|0	0.25	0.99	0.25	0.99	0.25	-0.06	7.50	0.28	
ER_EGFR	MET_HUMAN	MET	1|1|0|0	2	0.50	4	0|0|0|0	0.00	0.00	0.00	0.00	0.00	-0.06	5.00	0.50	
ER_EGFR	CRKL_HUMAN	CRKL	0|0|0|0	0	0.00	4	0|0|0|0	0.00	0.00	0.00	0.00	0.00	-0.06	0.00	0.50	
ER_EGFR	CBL_HUMAN	CBL	0|0|0|0	0	0.00	4	0|0|0|0	0.00	0.00	0.00	0.00	0.00	-0.06	0.00	0.50	
ER_EGFR	PHLA2_HUMAN	PHLDA2	0|0|0|0	0	0.00	4	0|0|0|0	0.00	0.00	0.00	0.00	0.00	-0.06	0.00	0.50	
ER_EGFR	RT27_HUMAN	MRPS27	0|0|0|0	0	0.00	4	0|0|0|0	0.00	0.00	0.00	0.00	0.00	-0.06	0.00	0.50	
ER_EGFR	M2OM_HUMAN	SLC25A11	0|2|0|0	2	0.50	4	0|0|0|0	0.25	0.99	0.25	0.99	0.25	-0.06	5.00	0.28	
ER_EGFR	STAT1_HUMAN	STAT1	0|0|0|0	0	0.00	4	0|0|0|0	0.00	0.00	0.00	0.00	0.00	-0.06	0.00	0.50	
ER_EGFR	SLIRP_HUMAN	SLIRP	0|0|0|0	0	0.00	4	0|0|0|0	0.00	0.00	0.00	0.00	0.00	-0.06	0.00	0.50	
ER_EGFR	PK3CD_HUMAN	PIK3CD	0|0|0|0	0	0.00	4	0|0|0|0	0.00	0.00	0.00	0.00	0.00	-0.06	0.00	0.50	
ER_EGFR	GRP75_HUMAN	HSPA9	0|1|0|0	1	0.25	4	0|0|0|0	0.00	0.00	0.00	0.00	0.00	-0.06	2.50	0.50	
ER_EGFR	AIFM1_HUMAN	AIFM1	0|0|0|0	0	0.00	4	0|0|0|0	0.00	0.00	0.00	0.00	0.00	-0.06	0.00	0.50	
ER_EGFR	PHB_HUMAN	PHB	0|0|0|0	0	0.00	4	0|0|0|0	0.00	0.00	0.00	0.00	0.00	-0.06	0.00	0.50	
ER_EGFR	HNRPK_HUMAN	HNRNPK	0|0|0|0	0	0.00	4	0|0|0|0	0.00	0.00	0.00	0.00	0.00	-0.06	0.00	0.50	
ER_EGFR	TMM33_HUMAN	TMEM33	0|2|0|0	2	0.50	4	0|0|0|0	0.25	0.99	0.25	0.99	0.25	-0.06	5.00	0.28	
ER_EGFR	RT34_HUMAN	MRPS34	0|0|0|0	0	0.00	4	0|0|0|0	0.00	0.00	0.00	0.00	0.00	-0.06	0.00	0.50	
ER_ERBB3	EGFR_HUMAN	EGFR	0|0|3|3	6	1.50	4	0|0|0|0	0.50	1.00	0.50	1.00	0.50	-0.06	15.00	0.12	
ER_ERBB3	ERBB2_HUMAN	ERBB2	0|0|0|0	0	0.00	4	0|0|0|0	0.00	0.00	0.00	0.00	0.00	-0.06	0.00	0.50	
ER_ERBB3	P85B_HUMAN	PIK3R2	0|0|3|4	7	1.75	4	0|0|0|0	0.50	1.00	0.50	1.00	0.50	-0.06	17.50	0.10	
ER_ERBB3	P55G_HUMAN	PIK3R3	0|0|1|1	2	0.50	4	0|0|0|0	0.00	0.00	0.00	0.00	0.00	-0.06	5.00	0.50	
ER_ERBB3	P85A_HUMAN	PIK3R1	0|0|1|0	1	0.25	4	0|0|0|0	0.00	0.00	0.00	0.00	0.00	-0.06	2.50	0.50	
ER_ERBB3	K2C1_HUMAN	KRT1	5|5|6|5	21	5.25	4	10|10|7|7	0.00	0.00	0.00	0.00	0.00	-22.88	0.62	0.50	
ER_ERBB3	K1C10_HUMAN	KRT10	3|3|2|2	10	2.50	4	1|2|4|3	0.01	0.02	0.01	0.02	0.01	-5.55	1.00	0.48	
ER_ERBB3	K1C16_HUMAN	KRT16	0|0|0|0	0	0.00	4	1|1|2|2	0.00	0.00	0.00	0.00	0.00	-5.30	0.00	0.50	
ER_ERBB3	GRB2_HUMAN	GRB2	0|0|0|0	0	0.00	4	0|0|0|0	0.00	0.00	0.00	0.00	0.00	-0.06	0.00	0.50	
ER_ERBB3	GRP78_HUMAN	HSPA5	0|0|2|2	4	1.00	4	0|0|0|0	0.49	0.99	0.49	0.99	0.49	-0.06	10.00	0.18	
ER_ERBB3	K22E_HUMAN	KRT2	3|3|4|3	13	3.25	4	4|4|1|1	0.03	0.07	0.03	0.07	0.03	-4.08	1.30	0.47	
ER_ERBB3	K2C8_HUMAN	KRT8	0|0|0|0	0	0.00	4	0|0|0|0	0.00	0.00	0.00	0.00	0.00	-0.06	0.00	0.50	
ER_ERBB3	K2C5_HUMAN	KRT5	0|0|1|1	2	0.50	4	1|1|2|0	0.00	0.00	0.00	0.00	0.00	-3.09	0.50	0.50	
ER_ERBB3	K2C4_HUMAN	KRT4	0|0|0|1	1	0.25	4	0|1|0|0	0.00	0.00	0.00	0.00	0.00	-0.60	1.00	0.50	
ER_ERBB3	K2C6B_HUMAN	KRT6B	1|0|2|1	4	1.00	4	2|2|2|1	0.01	0.05	0.01	0.05	0.01	-6.35	0.57	0.48	
ER_ERBB3	K2C7_HUMAN	KRT7	0|0|0|0	0	0.00	4	0|0|0|0	0.00	0.00	0.00	0.00	0.00	-0.06	0.00	0.50	
ER_ERBB3	HSP7C_HUMAN	HSPA8	0|1|1|2	4	1.00	4	0|0|1|1	0.20	0.81	0.20	0.81	0.20	-1.50	2.00	0.42	
ER_ERBB3	PK3CA_HUMAN	PIK3CA	0|0|1|1	2	0.50	4	0|0|0|0	0.00	0.00	0.00	0.00	0.00	-0.06	5.00	0.50	
ER_ERBB3	ERBB3_HUMAN	ERBB3	1|2|2|3	8	2.00	4	0|0|0|0	0.74	1.00	0.74	1.00	0.74	2.45	20.00	0.04	
ER_ERBB3	ADT2_HUMAN	SLC25A5	0|0|1|1	2	0.50	4	0|0|0|0	0.00	0.00	0.00	0.00	0.00	-0.06	5.00	0.50	
ER_ERBB3	ADT3_HUMAN	SLC25A6	0|0|0|0	0	0.00	4	0|0|0|0	0.00	0.00	0.00	0.00	0.00	-0.06	0.00	0.50	
ER_ERBB3	K1C9_HUMAN	KRT9	3|2|1|1	7	1.75	4	0|0|1|0	0.48	0.99	0.48	0.99	0.48	1.01	7.00	0.23	
ER_ERBB3	TBA1A_HUMAN	TUBA1A	0|0|0|0	0	0.00	4	0|0|0|0	0.00	0.00	0.00	0.00	0.00	-0.06	0.00	0.50	
ER_ERBB3	TBA4A_HUMAN	TUBA4A	0|0|0|0	0	0.00	4	0|0|0|0	0.00	0.00	0.00	0.00	0.00	-0.06	0.00	0.50	
ER_ERBB3	ARHG5_HUMAN	ARHGEF5	0|0|0|0	0	0.00	4	0|0|0|0	0.00	0.00	0.00	0.00	0.00	-0.06	0.00	0.50	
ER_ERBB3	PK3CB_HUMAN	PIK3CB	0|0|0|0	0	0.00	4	0|0|0|0	0.00	0.00	0.00	0.00	0.00	-0.06	0.00	0.50	
ER_ERBB3	IRS1_HUMAN	IRS1	0|0|0|0	0	0.00	4	0|0|0|0	0.00	0.00	0.00	0.00	0.00	-0.06	0.00	0.50	
ER_ERBB3	TBB5_HUMAN	TUBB	0|0|0|1	1	0.25	4	0|0|0|0	0.00	0.00	0.00	0.00	0.00	-0.06	2.50	0.50	
ER_ERBB3	TBB3_HUMAN	TUBB3	0|0|0|0	0	0.00	4	0|0|0|0	0.00	0.00	0.00	0.00	0.00	-0.06	0.00	0.50	
ER_ERBB3	HS71A_HUMAN	HSPA1A	0|0|1|1	2	0.50	4	0|0|0|0	0.00	0.00	0.00	0.00	0.00	-0.06	5.00	0.50	
ER_ERBB3	HS90A_HUMAN	HSP90AA1	0|0|1|1	2	0.50	4	0|0|0|0	0.00	0.00	0.00	0.00	0.00	-0.06	5.00	0.50	
ER_ERBB3	HS90B_HUMAN	HSP90AB1	0|0|1|1	2	0.50	4	0|0|0|0	0.00	0.00	0.00	0.00	0.00	-0.06	5.00	0.50	
ER_ERBB3	1433E_HUMAN	YWHAE	0|0|0|0	0	0.00	4	0|0|0|0	0.00	0.00	0.00	0.00	0.00	-0.06	0.00	0.50	
ER_ERBB3	1433T_HUMAN	YWHAQ	0|0|0|0	0	0.00	4	0|0|0|0	0.00	0.00	0.00	0.00	0.00	-0.06	0.00	0.50	
ER_ERBB3	LPPRC_HUMAN	LRPPRC	0|0|0|0	0	0.00	4	0|0|0|0	0.00	0.00	0.00	0.00	0.00	-0.06	0.00	0.50	
ER_ERBB3	ERRFI_HUMAN	ERRFI1	0|0|0|0	0	0.00	4	0|0|0|0	0.00	0.00	0.00	0.00	0.00	-0.06	0.00	0.50	
ER_ERBB3	AP2A1_HUMAN	AP2A1	0|0|0|0	0	0.00	4	0|0|0|0	0.00	0.00	0.00	0.00	0.00	-0.06	0.00	0.50	
ER_ERBB3	GRB7_HUMAN	GRB7	0|0|0|0	0	0.00	4	0|0|0|0	0.00	0.00	0.00	0.00	0.00	-0.06	0.00	0.50	
ER_ERBB3	STAT3_HUMAN	STAT3	0|0|0|0	0	0.00	4	0|0|0|0	0.00	0.00	0.00	0.00	0.00	-0.06	0.00	0.50	
ER_ERBB3	ANXA2_HUMAN	ANXA2	0|0|0|0	0	0.00	4	0|0|0|0	0.00	0.00	0.00	0.00	0.00	-0.06	0.00	0.50	
ER_ERBB3	PTPRA_HUMAN	PTPRA	0|0|0|0	0	0.00	4	0|0|0|0	0.00	0.00	0.00	0.00	0.00	-0.06	0.00	0.50	
ER_ERBB3	C1QBP_HUMAN	C1QBP	0|0|0|0	0	0.00	4	7|5|0|0	0.00	0.00	0.00	0.00	0.00	-10.98	0.00	0.50	
ER_ERBB3	SHC1_HUMAN	SHC1	0|0|0|0	0	0.00	4	0|0|0|0	0.00	0.00	0.00	0.00	0.00	-0.06	0.00	0.50	
ER_ERBB3	PTN11_HUMAN	PTPN11	0|0|0|0	0	0.00	4	0|0|0|0	0.00	0.00	0.00	0.00	0.00	-0.06	0.00	0.50	
ER_ERBB3	PON2_HUMAN	PON2	0|0|1|0	1	0.25	4	0|0|0|0	0.00	0.00	0.00	0.00	0.00	-0.06	2.50	0.50	
ER_ERBB3	MET_HUMAN	MET	0|0|1|0	1	0.25	4	0|0|0|0	0.00	0.00	0.00	0.00	0.00	-0.06	2.50	0.50	
ER_ERBB3	CRKL_HUMAN	CRKL	0|0|0|0	0	0.00	4	0|0|0|0	0.00	0.00	0.00	0.00	0.00	-0.06	0.00	0.50	
ER_ERBB3	CBL_HUMAN	CBL	0|0|0|0	0	0.00	4	0|0|0|0	0.00	0.00	0.00	0.00	0.00	-0.06	0.00	0.50	
ER_ERBB3	PHLA2_HUMAN	PHLDA2	0|0|0|0	0	0.00	4	0|0|0|0	0.00	0.00	0.00	0.00	0.00	-0.06	0.00	0.50	
ER_ERBB3	RT27_HUMAN	MRPS27	0|0|1|1	2	0.50	4	0|0|0|0	0.00	0.00	0.00	0.00	0.00	-0.06	5.00	0.50	
ER_ERBB3	M2OM_HUMAN	SLC25A11	0|0|0|0	0	0.00	4	0|0|0|0	0.00	0.00	0.00	0.00	0.00	-0.06	0.00	0.50	
ER_ERBB3	STAT1_HUMAN	STAT1	0|0|0|0	0	0.00	4	0|0|0|0	0.00	0.00	0.00	0.00	0.00	-0.06	0.00	0.50	
ER_ERBB3	SLIRP_HUMAN	SLIRP	0|0|0|0	0	0.00	4	0|0|0|0	0.00	0.00	0.00	0.00	0.00	-0.06	0.00	0.50	
ER_ERBB3	PK3CD_HUMAN	PIK3CD	0|0|0|0	0	0.00	4	0|0|0|0	0.00	0.00	0.00	0.00	0.00	-0.06	0.00	0.50	
ER_ERBB3	GRP75_HUMAN	HSPA9	0|0|0|0	0	0.00	4	0|0|0|0	0.00	0.00	0.00	0.00	0.00	-0.06	0.00	0.50	
ER_ERBB3	AIFM1_HUMAN	AIFM1	0|0|0|0	0	0.00	4	0|0|0|0	0.00	0.00	0.00	0.00	0.00	-0.06	0.00	0.50	
ER_ERBB3	PHB_HUMAN	PHB	0|0|0|0	0	0.00	4	0|0|0|0	0.00	0.00	0.00	0.00	0.00	-0.06	0.00	0.50	
ER_ERBB3	HNRPK_HUMAN	HNRNPK	0|0|0|0	0	0.00	4	0|0|0|0	0.00	0.00	0.00	0.00	0.00	-0.06	0.00	0.50	
ER_ERBB3	TMM33_HUMAN	TMEM33	0|0|0|0	0	0.00	4	0|0|0|0	0.00	0.00	0.00	0.00	0.00	-0.06	0.00	0.50	
ER_ERBB3	RT34_HUMAN	MRPS34	0|0|0|0	0	0.00	4	0|0|0|0	0.00	0.00	0.00	0.00	0.00	-0.06	0.00	0.50	
ER_GRB2	EGFR_HUMAN	EGFR	5|8|0	13	4.33	3	0|0|0|0	0.67	1.00	0.67	1.00	0.67	-0.06	43.33	0.07	
ER_GRB2	ERBB2_HUMAN	ERBB2	0|0|0	0	0.00	3	0|0|0|0	0.00	0.00	0.00	0.00	0.00	-0.06	0.00	0.50	
ER_GRB2	P85B_HUMAN	PIK3R2	0|0|0	0	0.00	3	0|0|0|0	0.00	0.00	0.00	0.00	0.00	-0.06	0.00	0.50	
ER_GRB2	P55G_HUMAN	PIK3R3	0|0|0	0	0.00	3	0|0|0|0	0.00	0.00	0.00	0.00	0.00	-0.06	0.00	0.50	
ER_GRB2	P85A_HUMAN	PIK3R1	0|0|0	0	0.00	3	0|0|0|0	0.00	0.00	0.00	0.00	0.00	-0.06	0.00	0.50	
ER_GRB2	K2C1_HUMAN	KRT1	6|5|0	11	3.67	3	10|10|7|7	0.00	0.00	0.00	0.00	0.00	-35.87	0.43	0.50	
ER_GRB2	K1C10_HUMAN	KRT10	0|2|0	2	0.67	3	1|2|4|3	0.00	0.00	0.00	0.00	0.00	-9.51	0.27	0.50	
ER_GRB2	K1C16_HUMAN	KRT16	1|2|0	3	1.00	3	1|1|2|2	0.04	0.12	0.04	0.12	0.04	-5.30	0.67	0.46	
ER_GRB2	GRB2_HUMAN	GRB2	7|7|0	14	4.67	3	0|0|0|0	0.67	1.00	0.67	1.00	0.67	-0.06	46.67	0.07	
ER_GRB2	GRP78_HUMAN	HSPA5	0|0|0	0	0.00	3	0|0|0|0	0.00	0.00	0.00	0.00	0.00	-0.06	0.00	0.50	
ER_GRB2	K22E_HUMAN	KRT2	2|1|0	3	1.00	3	4|4|1|1	0.00	0.00	0.00	0.00	0.00	-9.52	0.40	0.50	
ER_GRB2	K2C8_HUMAN	KRT8	0|0|0	0	0.00	3	0|0|0|0	0.00	0.00	0.00	0.00	0.00	-0.06	0.00	0.50	
ER_GRB2	K2C5_HUMAN	KRT5	0|0|0	0	0.00	3	1|1|2|0	0.00	0.00	0.00	0.00	0.00	-3.09	0.00	0.50	
ER_GRB2	K2C4_HUMAN	KRT4	0|0|0	0	0.00	3	0|1|0|0	0.00	0.00	0.00	0.00	0.00	-0.60	0.00	0.50	
ER_GRB2	K2C6B_HUMAN	KRT6B	0|0|0	0	0.00	3	2|2|2|1	0.00	0.00	0.00	0.00	0.00	-6.35	0.00	0.50	
ER_GRB2	K2C7_HUMAN	KRT7	0|0|0	0	0.00	3	0|0|0|0	0.00	0.00	0.00	0.00	0.00	-0.06	0.00	0.50	
ER_GRB2	HSP7C_HUMAN	HSPA8	1|0|0	1	0.33	3	0|0|1|1	0.00	0.00	0.00	0.00	0.00	-1.50	0.67	0.50	
ER_GRB2	PK3CA_HUMAN	PIK3CA	0|0|0	0	0.00	3	0|0|0|0	0.00	0.00	0.00	0.00	0.00	-0.06	0.00	0.50	
ER_GRB2	ERBB3_HUMAN	ERBB3	0|0|0	0	0.00	3	0|0|0|0	0.00	0.00	0.00	0.00	0.00	-0.06	0.00	0.50	
ER_GRB2	ADT2_HUMAN	SLC25A5	1|0|0	1	0.33	3	0|0|0|0	0.00	0.00	0.00	0.00	0.00	-0.06	3.33	0.50	
ER_GRB2	ADT3_HUMAN	SLC25A6	0|0|0	0	0.00	3	0|0|0|0	0.00	0.00	0.00	0.00	0.00	-0.06	0.00	0.50	
ER_GRB2	K1C9_HUMAN	KRT9	1|1|0	2	0.67	3	0|0|1|0	0.00	0.00	0.00	0.00	0.00	-0.60	2.67	0.50	
ER_GRB2	TBA1A_HUMAN	TUBA1A	0|0|0	0	0.00	3	0|0|0|0	0.00	0.00	0.00	0.00	0.00	-0.06	0.00	0.50	
ER_GRB2	TBA4A_HUMAN	TUBA4A	0|0|0	0	0.00	3	0|0|0|0	0.00	0.00	0.00	0.00	0.00	-0.06	0.00	0.50	
ER_GRB2	ARHG5_HUMAN	ARHGEF5	1|1|0	2	0.67	3	0|0|0|0	0.00	0.00	0.00	0.00	0.00	-0.06	6.67	0.50	
ER_GRB2	PK3CB_HUMAN	PIK3CB	0|0|0	0	0.00	3	0|0|0|0	0.00	0.00	0.00	0.00	0.00	-0.06	0.00	0.50	
ER_GRB2	IRS1_HUMAN	IRS1	0|0|0	0	0.00	3	0|0|0|0	0.00	0.00	0.00	0.00	0.00	-0.06	0.00	0.50	
ER_GRB2	TBB5_HUMAN	TUBB	0|0|0	0	0.00	3	0|0|0|0	0.00	0.00	0.00	0.00	0.00	-0.06	0.00	0.50	
ER_GRB2	TBB3_HUMAN	TUBB3	0|0|0	0	0.00	3	0|0|0|0	0.00	0.00	0.00	0.00	0.00	-0.06	0.00	0.50	
ER_GRB2	HS71A_HUMAN	HSPA1A	0|0|0	0	0.00	3	0|0|0|0	0.00	0.00	0.00	0.00	0.00	-0.06	0.00	0.50	
ER_GRB2	HS90A_HUMAN	HSP90AA1	0|0|0	0	0.00	3	0|0|0|0	0.00	0.00	0.00	0.00	0.00	-0.06	0.00	0.50	
ER_GRB2	HS90B_HUMAN	HSP90AB1	0|0|0	0	0.00	3	0|0|0|0	0.00	0.00	0.00	0.00	0.00	-0.06	0.00	0.50	
ER_GRB2	1433E_HUMAN	YWHAE	0|0|0	0	0.00	3	0|0|0|0	0.00	0.00	0.00	0.00	0.00	-0.06	0.00	0.50	
ER_GRB2	1433T_HUMAN	YWHAQ	0|0|0	0	0.00	3	0|0|0|0	0.00	0.00	0.00	0.00	0.00	-0.06	0.00	0.50	
ER_GRB2	LPPRC_HUMAN	LRPPRC	0|0|0	0	0.00	3	0|0|0|0	0.00	0.00	0.00	0.00	0.00	-0.06	0.00	0.50	
ER_GRB2	ERRFI_HUMAN	ERRFI1	0|1|0	1	0.33	3	0|0|0|0	0.00	0.00	0.00	0.00	0.00	-0.06	3.33	0.50	
ER_GRB2	AP2A1_HUMAN	AP2A1	0|0|0	0	0.00	3	0|0|0|0	0.00	0.00	0.00	0.00	0.00	-0.06	0.00	0.50	
ER_GRB2	GRB7_HUMAN	GRB7	0|0|0	0	0.00	3	0|0|0|0	0.00	0.00	0.00	0.00	0.00	-0.06	0.00	0.50	
ER_GRB2	STAT3_HUMAN	STAT3	0|0|0	0	0.00	3	0|0|0|0	0.00	0.00	0.00	0.00	0.00	-0.06	0.00	0.50	
ER_GRB2	ANXA2_HUMAN	ANXA2	0|0|0	0	0.00	3	0|0|0|0	0.00	0.00	0.00	0.00	0.00	-0.06	0.00	0.50	
ER_GRB2	PTPRA_HUMAN	PTPRA	3|2|0	5	1.67	3	0|0|0|0	0.66	1.00	0.66	1.00	0.66	-0.06	16.67	0.08	
ER_GRB2	C1QBP_HUMAN	C1QBP	0|0|0	0	0.00	3	7|5|0|0	0.00	0.00	0.00	0.00	0.00	-10.98	0.00	0.50	
ER_GRB2	SHC1_HUMAN	SHC1	1|1|0	2	0.67	3	0|0|0|0	0.00	0.00	0.00	0.00	0.00	-0.06	6.67	0.50	
ER_GRB2	PTN11_HUMAN	PTPN11	0|0|0	0	0.00	3	0|0|0|0	0.00	0.00	0.00	0.00	0.00	-0.06	0.00	0.50	
ER_GRB2	PON2_HUMAN	PON2	0|0|0	0	0.00	3	0|0|0|0	0.00	0.00	0.00	0.00	0.00	-0.06	0.00	0.50	
ER_GRB2	MET_HUMAN	MET	2|2|0	4	1.33	3	0|0|0|0	0.66	0.99	0.66	0.99	0.66	-0.06	13.33	0.08	
ER_GRB2	CRKL_HUMAN	CRKL	0|0|0	0	0.00	3	0|0|0|0	0.00	0.00	0.00	0.00	0.00	-0.06	0.00	0.50	
ER_GRB2	CBL_HUMAN	CBL	0|0|0	0	0.00	3	0|0|0|0	0.00	0.00	0.00	0.00	0.00	-0.06	0.00	0.50	
ER_GRB2	PHLA2_HUMAN	PHLDA2	0|0|0	0	0.00	3	0|0|0|0	0.00	0.00	0.00	0.00	0.00	-0.06	0.00	0.50	
ER_GRB2	RT27_HUMAN	MRPS27	0|0|0	0	0.00	3	0|0|0|0	0.00	0.00	0.00	0.00	0.00	-0.06	0.00	0.50	
ER_GRB2	M2OM_HUMAN	SLC25A11	0|0|0	0	0.00	3	0|0|0|0	0.00	0.00	0.00	0.00	0.00	-0.06	0.00	0.50	
ER_GRB2	STAT1_HUMAN	STAT1	0|0|0	0	0.00	3	0|0|0|0	0.00	0.00	0.00	0.00	0.00	-0.06	0.00	0.50	
ER_GRB2	SLIRP_HUMAN	SLIRP	0|0|0	0	0.00	3	0|0|0|0	0.00	0.00	0.00	0.00	0.00	-0.06	0.00	0.50	
ER_GRB2	PK3CD_HUMAN	PIK3CD	0|0|0	0	0.00	3	0|0|0|0	0.00	0.00	0.00	0.00	0.00	-0.06	0.00	0.50	
ER_GRB2	GRP75_HUMAN	HSPA9	0|0|0	0	0.00	3	0|0|0|0	0.00	0.00	0.00	0.00	0.00	-0.06	0.00	0.50	
ER_GRB2	AIFM1_HUMAN	AIFM1	0|0|0	0	0.00	3	0|0|0|0	0.00	0.00	0.00	0.00	0.00	-0.06	0.00	0.50	
ER_GRB2	PHB_HUMAN	PHB	0|0|0	0	0.00	3	0|0|0|0	0.00	0.00	0.00	0.00	0.00	-0.06	0.00	0.50	
ER_GRB2	HNRPK_HUMAN	HNRNPK	0|0|0	0	0.00	3	0|0|0|0	0.00	0.00	0.00	0.00	0.00	-0.06	0.00	0.50	
ER_GRB2	TMM33_HUMAN	TMEM33	0|0|0	0	0.00	3	0|0|0|0	0.00	0.00	0.00	0.00	0.00	-0.06	0.00	0.50	
ER_GRB2	RT34_HUMAN	MRPS34	0|0|0	0	0.00	3	0|0|0|0	0.00	0.00	0.00	0.00	0.00	-0.06	0.00	0.50	
ER_P85B	EGFR_HUMAN	EGFR	1|1|1|2	5	1.25	4	0|0|0|0	0.25	0.99	0.25	0.99	0.25	2.45	12.50	0.28	
ER_P85B	ERBB2_HUMAN	ERBB2	0|0|0|0	0	0.00	4	0|0|0|0	0.00	0.00	0.00	0.00	0.00	-0.06	0.00	0.50	
ER_P85B	P85B_HUMAN	PIK3R2	15|13|16|17	61	15.25	4	0|0|0|0	1.00	1.00	1.00	1.00	1.00	22.25	152.50	0.00	
ER_P85B	P55G_HUMAN	PIK3R3	2|2|3|2	9	2.25	4	0|0|0|0	0.99	1.00	0.99	1.00	0.99	4.48	22.50	0.00	
ER_P85B	P85A_HUMAN	PIK3R1	3|2|4|3	12	3.00	4	0|0|0|0	1.00	1.00	1.00	1.00	1.00	4.48	30.00	0.00	
ER_P85B	K2C1_HUMAN	KRT1	5|4|10|8	27	6.75	4	10|10|7|7	0.00	0.00	0.00	0.00	0.00	-24.84	0.79	0.50	
ER_P85B	K1C10_HUMAN	KRT10	0|1|5|4	10	2.50	4	1|2|4|3	0.07	0.22	0.07	0.22	0.07	-9.51	1.00	0.45	
ER_P85B	K1C16_HUMAN	KRT16	1|0|3|3	7	1.75	4	1|1|2|2	0.18	0.36	0.18	0.36	0.18	-5.30	1.17	0.43	
ER_P85B	GRB2_HUMAN	GRB2	0|0|0|0	0	0.00	4	0|0|0|0	0.00	0.00	0.00	0.00	0.00	-0.06	0.00	0.50	
ER_P85B	GRP78_HUMAN	HSPA5	0|0|0|0	0	0.00	4	0|0|0|0	0.00	0.00	0.00	0.00	0.00	-0.06	0.00	0.50	
ER_P85B	K22E_HUMAN	KRT2	1|1|5|4	11	2.75	4	4|4|1|1	0.07	0.22	0.07	0.22	0.07	-7.20	1.10	0.46	
ER_P85B	K2C8_HUMAN	KRT8	0|0|2|0	2	0.50	4	0|0|0|0	0.25	0.99	0.25	0.99	0.25	-0.06	5.00	0.28	
ER_P85B	K2C5_HUMAN	KRT5	0|0|2|2	4	1.00	4	1|1|2|0	0.22	0.44	0.22	0.44	0.22	-3.09	1.00	0.42	
ER_P85B	K2C4_HUMAN	KRT4	0|0|0|0	0	0.00	4	0|1|0|0	0.00	0.00	0.00	0.00	0.00	-0.60	0.00	0.50	
ER_P85B	K2C6B_HUMAN	KRT6B	0|0|3|2	5	1.25	4	2|2|2|1	0.06	0.19	0.06	0.19	0.06	-6.35	0.71	0.46	
ER_P85B	K2C7_HUMAN	KRT7	0|0|2|0	2	0.50	4	0|0|0|0	0.25	0.99	0.25	0.99	0.25	-0.06	5.00	0.28	
ER_P85B	HSP7C_HUMAN	HSPA8	1|1|0|0	2	0.50	4	0|0|1|1	0.00	0.00	0.00	0.00	0.00	-1.50	1.00	0.50	
ER_P85B	PK3CA_HUMAN	PIK3CA	3|3|6|6	18	4.50	4	0|0|0|0	1.00	1.00	1.00	1.00	1.00	6.33	45.00	0.00	
ER_P85B	ERBB3_HUMAN	ERBB3	1|0|2|1	4	1.00	4	0|0|0|0	0.25	0.99	0.25	0.99	0.25	-0.06	10.00	0.28	
ER_P85B	ADT2_HUMAN	SLC25A5	0|0|0|0	0	0.00	4	0|0|0|0	0.00	0.00	0.00	0.00	0.00	-0.06	0.00	0.50	
ER_P85B	ADT3_HUMAN	SLC25A6	0|0|0|0	0	0.00	4	0|0|0|0	0.00	0.00	0.00	0.00	0.00	-0.06	0.00	0.50	
ER_P85B	K1C9_HUMAN	KRT9	1|0|1|0	2	0.50	4	0|0|1|0	0.00	0.00	0.00	0.00	0.00	-0.60	2.00	0.50	
ER_P85B	TBA1A_HUMAN	TUBA1A	0|0|0|0	0	0.00	4	0|0|0|0	0.00	0.00	0.00	0.00	0.00	-0.06	0.00	0.50	
ER_P85B	TBA4A_HUMAN	TUBA4A	0|0|0|0	0	0.00	4	0|0|0|0	0.00	0.00	0.00	0.00	0.00	-0.06	0.00	0.50	
ER_P85B	ARHG5_HUMAN	ARHGEF5	0|0|0|0	0	0.00	4	0|0|0|0	0.00	0.00	0.00	0.00	0.00	-0.06	0.00	0.50	
ER_P85B	PK3CB_HUMAN	PIK3CB	1|1|4|2	8	2.00	4	0|0|0|0	0.50	1.00	0.50	1.00	0.50	2.45	20.00	0.13	
ER_P85B	IRS1_HUMAN	IRS1	2|3|3|4	12	3.00	4	0|0|0|0	1.00	1.00	1.00	1.00	1.00	4.48	30.00	0.00	
ER_P85B	TBB5_HUMAN	TUBB	0|0|0|0	0	0.00	4	0|0|0|0	0.00	0.00	0.00	0.00	0.00	-0.06	0.00	0.50	
ER_P85B	TBB3_HUMAN	TUBB3	0|0|0|0	0	0.00	4	0|0|0|0	0.00	0.00	0.00	0.00	0.00	-0.06	0.00	0.50	
ER_P85B	HS71A_HUMAN	HSPA1A	0|0|0|0	0	0.00	4	0|0|0|0	0.00	0.00	0.00	0.00	0.00	-0.06	0.00	0.50	
ER_P85B	HS90A_HUMAN	HSP90AA1	0|0|0|0	0	0.00	4	0|0|0|0	0.00	0.00	0.00	0.00	0.00	-0.06	0.00	0.50	
ER_P85B	HS90B_HUMAN	HSP90AB1	0|0|0|0	0	0.00	4	0|0|0|0	0.00	0.00	0.00	0.00	0.00	-0.06	0.00	0.50	
ER_P85B	1433E_HUMAN	YWHAE	0|0|1|1	2	0.50	4	0|0|0|0	0.00	0.00	0.00	0.00	0.00	-0.06	5.00	0.50	
ER_P85B	1433T_HUMAN	YWHAQ	0|0|1|1	2	0.50	4	0|0|0|0	0.00	0.00	0.00	0.00	0.00	-0.06	5.00	0.50	
ER_P85B	LPPRC_HUMAN	LRPPRC	0|0|0|0	0	0.00	4	0|0|0|0	0.00	0.00	0.00	0.00	0.00	-0.06	0.00	0.50	
ER_P85B	ERRFI_HUMAN	ERRFI1	0|0|0|0	0	0.00	4	0|0|0|0	0.00	0.00	0.00	0.00	0.00	-0.06	0.00	0.50	
ER_P85B	AP2A1_HUMAN	AP2A1	0|0|0|0	0	0.00	4	0|0|0|0	0.00	0.00	0.00	0.00	0.00	-0.06	0.00	0.50	
ER_P85B	GRB7_HUMAN	GRB7	1|1|1|0	3	0.75	4	0|0|0|0	0.00	0.00	0.00	0.00	0.00	-0.06	7.50	0.50	
ER_P85B	STAT3_HUMAN	STAT3	0|0|0|0	0	0.00	4	0|0|0|0	0.00	0.00	0.00	0.00	0.00	-0.06	0.00	0.50	
ER_P85B	ANXA2_HUMAN	ANXA2	0|0|0|0	0	0.00	4	0|0|0|0	0.00	0.00	0.00	0.00	0.00	-0.06	0.00	0.50	
ER_P85B	PTPRA_HUMAN	PTPRA	0|0|0|0	0	0.00	4	0|0|0|0	0.00	0.00	0.00	0.00	0.00	-0.06	0.00	0.50	
ER_P85B	C1QBP_HUMAN	C1QBP	0|0|0|0	0	0.00	4	7|5|0|0	0.00	0.00	0.00	0.00	0.00	-10.98	0.00	0.50	
ER_P85B	SHC1_HUMAN	SHC1	0|0|0|0	0	0.00	4	0|0|0|0	0.00	0.00	0.00	0.00	0.00	-0.06	0.00	0.50	
ER_P85B	PTN11_HUMAN	PTPN11	0|0|0|0	0	0.00	4	0|0|0|0	0.00	0.00	0.00	0.00	0.00	-0.06	0.00	0.50	
ER_P85B	PON2_HUMAN	PON2	0|0|0|0	0	0.00	4	0|0|0|0	0.00	0.00	0.00	0.00	0.00	-0.06	0.00	0.50	
ER_P85B	MET_HUMAN	MET	0|0|1|1	2	0.50	4	0|0|0|0	0.00	0.00	0.00	0.00	0.00	-0.06	5.00	0.50	
ER_P85B	CRKL_HUMAN	CRKL	0|0|0|0	0	0.00	4	0|0|0|0	0.00	0.00	0.00	0.00	0.00	-0.06	0.00	0.50	
ER_P85B	CBL_HUMAN	CBL	0|0|0|0	0	0.00	4	0|0|0|0	0.00	0.00	0.00	0.00	0.00	-0.06	0.00	0.50	
ER_P85B	PHLA2_HUMAN	PHLDA2	0|0|0|0	0	0.00	4	0|0|0|0	0.00	0.00	0.00	0.00	0.00	-0.06	0.00	0.50	
ER_P85B	RT27_HUMAN	MRPS27	0|0|0|0	0	0.00	4	0|0|0|0	0.00	0.00	0.00	0.00	0.00	-0.06	0.00	0.50	
ER_P85B	M2OM_HUMAN	SLC25A11	0|0|0|0	0	0.00	4	0|0|0|0	0.00	0.00	0.00	0.00	0.00	-0.06	0.00	0.50	
ER_P85B	STAT1_HUMAN	STAT1	0|0|0|0	0	0.00	4	0|0|0|0	0.00	0.00	0.00	0.00	0.00	-0.06	0.00	0.50	
ER_P85B	SLIRP_HUMAN	SLIRP	0|0|0|0	0	0.00	4	0|0|0|0	0.00	0.00	0.00	0.00	0.00	-0.06	0.00	0.50	
ER_P85B	PK3CD_HUMAN	PIK3CD	0|0|0|0	0	0.00	4	0|0|0|0	0.00	0.00	0.00	0.00	0.00	-0.06	0.00	0.50	
ER_P85B	GRP75_HUMAN	HSPA9	0|0|0|0	0	0.00	4	0|0|0|0	0.00	0.00	0.00	0.00	0.00	-0.06	0.00	0.50	
ER_P85B	AIFM1_HUMAN	AIFM1	0|0|0|0	0	0.00	4	0|0|0|0	0.00	0.00	0.00	0.00	0.00	-0.06	0.00	0.50	
ER_P85B	PHB_HUMAN	PHB	0|0|0|0	0	0.00	4	0|0|0|0	0.00	0.00	0.00	0.00	0.00	-0.06	0.00	0.50	
ER_P85B	HNRPK_HUMAN	HNRNPK	0|0|0|0	0	0.00	4	0|0|0|0	0.00	0.00	0.00	0.00	0.00	-0.06	0.00	0.50	
ER_P85B	TMM33_HUMAN	TMEM33	0|0|0|0	0	0.00	4	0|0|0|0	0.00	0.00	0.00	0.00	0.00	-0.06	0.00	0.50	
ER_P85B	RT34_HUMAN	MRPS34	0|0|0|0	0	0.00	4	0|0|0|0	0.00	0.00	0.00	0.00	0.00	-0.06	0.00	0.50	
