Gene	SGD	UniProt	CC527	CC518	CC516	CC522	CC526	CC525	CC523	CC517	CC530	CC519	CC524	CC528	CC520	CC515	CC529	CC531	CC521
TDH1	S000003588	G3P1_YEAST	12	68	444	1	1	0	0	46	32	0	0	4	0	406	1	23	1
TDH2	S000003769	G3P2_YEAST	23	130	1058	3	4	1	0	84	43	1	0	8	1	775	1	30	4
TDH3	S000003424	G3P3_YEAST	30	205	1418	3	4	1	0	126	54	1	0	11	1	1156	1	39	4
EFT1	S000005659	EF2_YEAST	21	101	157	2	13	12	0	82	58	6	1	5	3	70	1	63	5
VPS1	S000001709	VPS1_YEAST	1	0	0	1	2	0	0	1	5	0	0	0	1	0	0	11	1
EFT2	S000002793	EF2_YEAST	21	101	157	2	13	12	0	82	58	6	1	5	3	70	1	63	5
ARB1	S000000838	ARB1_YEAST	6	0	1	1	1	3	0	0	7	2	0	4	0	0	0	10	0
RPS19B	S000005246	RS19B_YEAST	21	11	32	2	14	8	3	14	11	4	3	9	5	26	5	14	2
RPS19A	S000005481	RS19A_YEAST	21	11	32	2	14	8	3	14	11	4	3	9	5	26	5	14	2
PGI1	S000000400	G6PI_YEAST	3	27	48	0	0	0	0	14	0	0	0	0	0	39	0	0	0
RPO21	S000002299	RPB1_YEAST	1	0	0	0	0	0	0	0	11	0	0	2	0	0	0	16	0
RPT6	S000003016	PRS8_YEAST	3	0	0	0	1	0	0	0	6	1	0	0	0	0	0	11	0
RPL8B	S000003968	RL8B_YEAST	60	18	52	4	5	9	5	16	17	3	3	13	9	38	6	26	7
RPL8A	S000001025	RL8A_YEAST	63	18	38	4	5	9	5	15	20	1	3	13	5	33	6	35	6
RPT5	S000005643	PRS6A_YEAST	1	0	0	0	0	2	0	0	18	1	0	0	0	0	0	22	0
GSC2	S000003264	FKS2_YEAST	1	0	0	0	3	1	0	0	22	0	0	0	0	0	0	29	0
ALD6	S000005982	ALDH6_YEAST	5	14	14	0	0	0	0	20	26	0	0	0	0	2	0	11	0
YJR028W	S000003789	YJ12A_YEAST	16	8	2	1	3	1	0	9	10	2	1	3	0	0	0	21	3
YER159C-A	S000007403	YD14A_YEAST;YE12A_YEAST;YG13A_YEAST;YL11A_YEAST;YM14A_YEAST	16	8	2	1	3	1	0	9	10	2	1	3	0	0	0	21	3
YDR365W-B	S000007401	TY1AB_YEASX;YD15B_YEAST;YL14B_YEAST	16	8	2	1	3	1	0	9	27	3	1	6	0	0	0	55	6
YDR365W-A	S000007400	YD15A_YEAST;YE11A_YEAST;YL12A_YEAST;YP11A_YEAST	16	8	2	1	3	1	0	9	10	3	1	3	0	0	0	21	3
GCD11	S000000827	IF2G_YEAST	6	0	4	1	2	1	0	0	9	0	0	0	0	1	0	13	0
sp|K2C1_HUMAN|	-	-	22	56	16	7	15	2	0	50	35	8	0	33	23	11	12	83	9
YDR316W-A	S000007398	YD14A_YEAST;YE12A_YEAST;YG13A_YEAST;YL11A_YEAST;YM14A_YEAST	16	8	2	1	3	1	0	9	10	2	1	3	0	0	0	21	3
YDR316W-B	S000007399	YD14B_YEAST	16	8	2	1	3	1	0	9	28	3	1	6	0	0	0	56	7
YEF3	S000004239	EF3A_YEAST	31	74	118	3	4	6	0	62	23	2	1	5	4	42	1	29	3
RPL16B	S000005013	RL16B_YEAST	5	4	25	2	4	2	3	18	9	2	2	4	2	30	2	12	2
RPL16A	S000001395	RL16A_YEAST	2	0	16	1	4	0	3	12	6	2	0	2	0	15	1	9	0
RPS17A	S000004486	RS17A_YEAST	22	40	48	1	2	2	4	21	8	2	3	5	1	32	2	10	3
RPS17B	S000002855	RS17B_YEAST	22	40	48	1	2	2	4	21	8	2	3	5	1	32	2	10	3
NOP1	S000002172	FBRL_YEAST	2	0	136	53	63	60	26	0	205	38	24	141	151	178	117	251	39
PSA1	S000002213	MPG1_YEAST	3	14	28	0	2	2	0	14	22	0	0	0	0	15	0	33	0
NOP7	S000003335	PESC_YEAST	1	0	0	5	7	0	1	0	19	5	6	12	12	0	13	17	5
HTS1	S000006237	SYH_YEAST	1	0	0	0	0	0	0	0	0	0	0	0	0	0	0	0	0
ADE5,7	S000003203	PUR2_YEAST	1	3	0	0	0	0	0	1	3	0	0	0	0	0	0	5	0
RPL7B	S000006119	RL7B_YEAST	23	40	106	4	7	3	2	33	15	4	2	9	7	102	5	26	7
CCT8	S000003545	TCPQ_YEAST	2	0	0	0	2	0	0	0	8	1	0	0	0	0	0	13	0
DED81	S000001061	SYNC_YEAST	6	0	1	1	0	0	0	3	2	0	0	0	0	0	0	1	0
CCT2	S000001404	TCPB_YEAST	2	0	0	0	0	0	0	0	3	0	0	0	0	0	0	4	0
CCT3	S000003551	TCPG_YEAST	1	0	0	0	0	0	0	0	4	0	0	0	0	0	0	9	0
CCT7	S000003647	TCPH_YEAST	3	0	0	0	0	0	0	0	1	0	0	0	0	0	0	1	0
CCT4	S000002302	TCPD_YEAST	3	0	0	0	1	3	0	0	6	1	0	0	0	0	0	7	0
RPL11B	S000003317	RL11B_YEAST	10	4	12	3	7	4	5	11	16	4	4	9	1	14	2	22	2
RPL11A	S000006306	RL11A_YEAST	10	4	12	3	7	4	5	11	16	4	4	9	1	14	2	22	2
YPT1	S000001856	YPT1_YEAST	1	0	0	0	0	0	0	2	0	0	0	0	0	0	0	0	0
RPL26A	S000004336	RL26A_YEAST	24	15	27	2	6	10	2	17	12	2	3	8	2	16	2	10	2
RPL26B	S000003266	RL26B_YEAST	24	15	29	2	6	10	2	17	13	2	3	8	2	17	2	11	2
RPS28B	S000004254	RS28B_YEAST	4	2	3	1	0	0	0	5	5	1	1	3	1	0	1	4	0
RPS28A	S000005693	RS28A_YEAST	4	2	3	1	0	0	0	5	5	1	1	3	1	0	1	4	0
PHO88	S000000310	PHO88_YEAST	2	0	0	0	0	0	0	0	2	0	0	0	0	0	0	3	0
ZUO1	S000003517	ZUO1_YEAST	6	0	0	1	2	0	2	0	4	0	0	0	0	0	0	2	0
ILS1	S000000172	SYIC_YEAST	1	7	0	0	0	0	0	3	3	0	0	0	0	0	0	3	0
YJR027W	S000003788	YJ11B_YEAST	17	8	2	1	3	1	0	9	27	3	1	6	0	0	0	55	6
PDI1	S000000548	PDI_YEAST	1	0	3	0	0	0	0	2	9	0	0	0	0	0	0	0	0
RHR2	S000001315	GPP1_YEAST	1	37	34	0	0	1	0	28	5	0	0	0	0	29	0	1	0
YER160C	S000000962	YE12B_YEAST;YL11B_YEAST	17	8	2	1	3	1	0	9	22	3	1	3	0	0	0	49	7
sp|K22E_HUMAN|	-	-	11	3	3	2	3	0	0	14	6	3	2	11	4	1	9	47	3
YLR227W-B	S000007376	YL13B_YEAST	17	8	2	1	3	1	0	9	24	3	1	6	0	0	0	51	6
YLR227W-A	S000007375	YJ11A_YEAST;YL13A_YEAST;YM12A_YEAST	16	8	2	1	3	1	0	9	10	3	1	3	0	0	0	21	3
YAR010C	S000000068	YA11A_YEAST;YP12A_YEAST	16	8	2	1	3	1	0	9	10	2	1	3	0	0	0	21	3
RPS30B	S000005708	RS30A_YEAST;RS30B_YEAST	13	0	0	0	0	0	0	0	3	0	0	2	1	0	2	1	1
RPS30A	S000004278	RS30A_YEAST;RS30B_YEAST	13	0	0	0	0	0	0	0	3	0	0	2	1	0	2	1	1
KGD1	S000001387	ODO1_YEAST	1	0	0	0	0	0	0	0	0	0	0	0	0	0	0	0	0
YGR027W-A	S000007405	YG11A_YEAST	16	8	2	1	3	1	0	9	10	3	1	3	0	0	0	21	3
YER137C-A	S000007402	YD15A_YEAST;YE11A_YEAST;YL12A_YEAST;YP11A_YEAST	16	8	2	1	3	1	0	9	10	3	1	3	0	0	0	21	3
GPM1	S000001635	PMG1_YEAST	8	89	227	2	6	3	2	63	70	3	3	6	2	174	2	48	5
CDC48	S000002284	CDC48_YEAST	4	1	6	0	4	2	0	3	49	1	0	0	0	3	0	45	0
RPN13	S000004413	RPN13_YEAST	1	0	0	0	0	0	0	0	0	0	0	0	0	0	0	2	0
RPS8B	S000000904	RS8A_YEAST;RS8B_YEAST	16	11	13	1	4	4	4	12	10	4	2	7	1	24	2	13	2
RPP1A	S000002239	RLA1_YEAST	2	15	27	0	0	0	0	8	1	0	0	2	0	18	0	2	0
RPP1B	S000002288	RLA3_YEAST	7	5	0	1	2	1	1	4	5	0	2	2	1	0	0	5	1
RPL23B	S000000919	RL23A_YEAST;RL23B_YEAST	10	28	40	0	0	0	0	14	3	0	0	6	0	37	2	12	0
RPL23A	S000000183	RL23A_YEAST;RL23B_YEAST	10	28	40	0	0	0	0	14	3	0	0	6	0	37	2	12	0
RPS9B	S000000393	RS9B_YEAST	15	21	26	3	6	4	2	25	12	1	2	3	2	15	2	10	3
RPS9A	S000006002	RS9A_YEAST	13	21	26	3	6	2	2	25	11	0	0	2	1	15	0	8	2
YHR214C-C	S000007421	YH11A_YEAST	16	8	2	1	3	1	0	9	10	2	1	3	0	0	0	21	3
YHR214C-B	S000003534	YH11B_YEAST	17	8	2	1	3	1	0	9	23	3	1	4	0	0	0	50	7
RPS8A	S000000168	RS8A_YEAST;RS8B_YEAST	16	11	13	1	4	4	4	12	10	4	2	7	1	24	2	13	2
CYS4	S000003387	CBS_YEAST	2	1	0	0	0	0	0	2	7	0	0	0	0	0	0	7	0
SSZ1	S000001106	SSZ1_YEAST	12	5	1	2	0	0	0	14	6	0	2	0	1	1	0	11	1
SAM1	S000004170	METK1_YEAST	4	4	2	1	1	3	0	4	36	1	0	5	0	0	2	37	1
RPT3	S000002802	PRS6B_YEAST	1	0	0	0	0	2	0	0	2	0	0	0	0	0	0	12	0
RPL19A	S000002156	RL19A_YEAST;RL19B_YEAST	46	12	76	3	4	5	2	9	8	2	0	4	2	90	1	13	2
DED1	S000005730	DED1_YEAST	9	25	0	20	38	34	12	13	89	37	12	96	27	0	62	106	21
SEC31	S000002354	SEC31_YEAST	1	0	0	0	0	0	0	0	2	0	0	1	0	0	0	1	0
ATP2	S000003882	ATPB_YEAST	3	0	0	1	1	0	0	1	13	1	0	0	0	0	0	19	0
RPL15B	S000004728	RL15B_YEAST	13	10	28	7	4	2	4	10	15	3	3	6	4	13	3	16	1
RPL15A	S000004019	RL15A_YEAST	14	10	36	9	4	4	6	13	17	4	4	8	5	16	3	18	2
RPS0A	S000003446	RSSA1_YEAST	3	23	67	0	0	1	0	15	4	0	0	1	1	53	0	7	0
RPS0B	S000004038	RSSA2_YEAST	4	23	67	0	2	2	0	15	3	0	0	1	1	53	0	7	0
YPL257W-B	S000007358	YP11B_YEAST	16	8	2	1	3	1	0	9	28	3	1	6	0	0	0	58	7
YPL257W-A	S000007357	YD15A_YEAST;YE11A_YEAST;YL12A_YEAST;YP11A_YEAST	16	8	2	1	3	1	0	9	10	3	1	3	0	0	0	21	3
ADE3	S000003436	C1TC_YEAST	9	0	1	0	0	0	0	0	1	0	0	0	0	0	0	0	0
RPL34B	S000001314	RL34B_YEAST	5	6	8	1	3	4	0	3	2	1	1	3	0	4	2	1	1
RPL34A	S000002135	RL34A_YEAST	5	6	8	1	3	4	0	3	2	1	1	3	0	4	2	1	1
RPL43A	S000006247	RL43A_YEAST;RL43B_YEAST	10	4	0	0	0	0	0	3	0	0	0	0	0	0	0	2	0
ILV2	S000004714	ILVB_YEAST	2	0	0	0	4	5	0	0	27	0	0	1	0	0	0	35	0
DBP2	S000005056	DBP2_YEAST	5	0	0	10	13	15	6	0	18	9	11	33	10	0	23	35	7
DBP1	S000006040	DBP1_YEAST	1	4	0	2	7	8	1	0	17	5	2	12	3	0	11	19	3
SCP160	S000003616	SC160_YEAST	4	0	0	0	0	0	0	0	4	0	0	2	0	0	0	7	0
RPL33B	S000005760	RL33B_YEAST	6	2	9	1	2	2	1	3	4	1	0	2	1	4	2	11	0
RPL33A	S000006064	RL33A_YEAST	5	2	17	0	2	0	2	6	4	1	2	3	1	10	2	6	0
YDJ1	S000005008	MAS5_YEAST	8	0	1	1	2	6	0	0	26	1	0	3	1	0	2	39	0
SSC1	S000003806	HSP77_YEAST	10	0	21	0	0	0	0	12	13	1	0	2	1	8	0	15	0
HTB2	S000000098	H2B2_YEAST	1	11	84	1	2	2	2	6	2	3	2	4	2	161	4	11	4
RPS10B	S000004843	RS10B_YEAST	3	13	8	0	5	2	0	10	4	0	0	0	0	4	0	7	0
HTB1	S000002632	H2B1_YEAST	1	11	84	1	2	2	2	6	2	3	2	4	2	161	4	11	4
ACT1	S000001855	ACT_YEAST	5	10	54	1	4	2	0	12	14	1	0	1	2	36	0	19	1
RPL9A	S000003115	RL9A_YEAST	24	21	83	4	5	5	4	19	16	4	2	9	3	96	1	23	2
RPL9B	S000005011	RL9B_YEAST	21	20	83	3	3	5	3	19	8	4	0	6	3	96	1	14	2
HEF3	S000004959	EF3B_YEAST	4	0	6	0	0	0	0	10	7	0	0	2	0	1	0	4	0
RPS22A	S000003726	RS22A_YEAST	19	33	47	9	10	9	3	20	6	4	4	8	6	30	7	27	2
HSP82	S000006161	HSP82_YEAST	23	60	184	1	6	10	0	49	31	4	1	7	3	133	2	40	2
PAB1	S000000967	PABP_YEAST	15	2	2	6	9	7	6	14	37	6	7	10	9	1	2	54	2
RPS22B	S000004359	RS22B_YEAST	19	33	47	9	10	9	3	18	6	4	4	8	6	30	7	27	2
sp|CASK_BOVIN|	-	-	1	0	0	0	0	0	0	0	0	0	0	0	0	0	0	0	0
YDR098C-B	S000007391	YD11B_YEAST	16	8	2	1	3	1	0	9	26	3	1	6	0	0	0	51	7
SUI3	S000006158	IF2B_YEAST	4	0	7	0	1	0	0	1	4	0	0	2	0	5	0	6	1
SUI2	S000003767	IF2A_YEAST	1	0	5	0	0	0	0	0	4	1	0	1	1	7	0	3	0
RPL35B	S000002295	RL35A_YEAST;RL35B_YEAST	9	2	1	1	0	0	0	3	5	1	0	1	1	0	2	11	1
RPG1	S000000283	EIF3A_YEAST	8	0	0	0	1	1	0	0	5	0	0	2	0	0	0	19	0
FKS1	S000004334	FKS1_YEAST	1	0	0	1	4	3	0	0	50	1	0	0	0	0	0	86	0
SPT5	S000004470	SPT5_YEAST	1	1	0	0	0	0	0	5	5	0	0	1	0	0	0	6	0
RPL27B	S000002879	RL27B_YEAST	24	67	105	3	9	6	3	28	18	4	2	4	4	200	4	17	3
RPL27A	S000001052	RL27A_YEAST	24	67	105	3	9	6	3	28	18	4	2	4	4	200	4	17	3
TUB2	S000001857	TBB_YEAST	2	3	0	0	2	0	0	2	26	3	0	2	0	2	0	24	1
YDR210C-C	S000007409	YD12A_YEAST	16	8	2	1	3	1	0	9	10	2	1	3	0	0	0	20	3
YDR210C-D	S000007410	YD12B_YEAST	16	8	2	1	3	1	0	9	27	3	1	6	0	0	0	55	7
RPP2A	S000005399	RLA2_YEAST	16	7	6	2	4	4	6	13	16	1	6	1	2	4	0	20	1
RPP2B	S000002790	RLA4_YEAST	14	1	12	2	3	6	6	10	20	2	4	4	2	7	2	14	2
RPL20B	S000005839	RL20A_YEAST;RL20B_YEAST	19	20	63	7	1	4	6	28	12	5	5	9	3	56	8	25	2
TIF2	S000003674	IF4A_YEAST	12	36	37	2	7	1	2	28	25	3	0	6	4	23	1	58	3
TIF1	S000001767	IF4A_YEAST	12	36	37	2	7	1	2	28	25	3	0	6	4	23	1	58	3
RPL20A	S000004855	RL20A_YEAST;RL20B_YEAST	19	20	63	7	1	4	6	28	12	5	5	9	3	56	8	25	2
CHS5	S000004322	CHS5_YEAST	3	0	0	0	0	0	0	0	1	0	0	0	0	0	0	0	0
RPS7A	S000005622	RS7A_YEAST	21	49	181	2	6	4	0	18	12	2	2	10	4	124	2	23	3
RPL43B	S000003855	RL43A_YEAST;RL43B_YEAST	10	4	0	0	0	0	0	3	0	0	0	0	0	0	0	2	0
RPS7B	S000005040	RS7B_YEAST	10	39	121	2	11	4	2	17	11	3	0	7	6	90	2	10	3
TEF2	S000000322	EF1A_YEAST	136	168	756	21	44	52	7	105	109	52	7	79	27	617	21	140	56
TEF1	S000006284	EF1A_YEAST	136	168	756	21	44	52	7	105	109	52	7	79	27	617	21	140	56
TEF4	S000001564	EF1G2_YEAST	14	15	18	4	4	7	0	19	17	3	0	2	3	2	0	22	3
MDN1	S000004096	MDN1_YEAST	1	0	0	0	0	0	0	0	4	0	0	0	0	0	0	15	0
RPS31	S000004157	RS27A_YEAST	4	9	43	0	0	0	0	5	2	0	0	0	0	1	0	3	0
KAP123	S000000912	IMB4_YEAST	1	21	2	1	0	0	0	10	23	2	0	1	4	6	0	43	0
YDR170W-A	S000007227	YD17A_YEAST	1	1	0	1	1	1	0	0	3	2	1	1	0	0	0	3	1
YGR038C-A	S000007407	YG12A_YEAST	16	8	2	1	3	1	0	9	10	3	1	3	0	0	0	21	3
YGR038C-B	S000007408	YG12B_YEAST	16	8	2	1	3	1	0	9	26	3	1	6	0	0	0	51	7
YPR158C-D	S000007362	YP14B_YEAST	17	8	2	1	3	1	0	9	24	3	1	6	0	0	0	51	6
YPR158C-C	S000007361	YP14A_YEAST	16	8	2	1	3	1	0	9	10	3	1	3	0	0	0	21	3
YPR137C-B	S000007360	YN12B_YEAST;YP12B_YEAST	17	8	2	1	3	1	0	9	28	3	1	6	0	0	0	57	7
YPR137C-A	S000007359	YA11A_YEAST;YP12A_YEAST	16	8	2	1	3	1	0	9	10	2	1	3	0	0	0	21	3
HAS1	S000004903	HAS1_YEAST	2	0	28	5	8	2	1	0	20	13	4	15	18	46	13	27	11
RPS14A	S000000627	RS14A_YEAST	14	10	45	3	4	6	4	10	10	6	5	27	8	43	15	28	5
RPS4B	S000001246	RS4A_YEAST;RS4B_YEAST	26	21	87	7	4	6	7	17	22	8	2	11	12	138	8	29	7
RPS26A	S000003157	RS26A_YEAST	9	8	86	1	2	2	2	4	15	1	0	5	2	46	5	17	2
RPS26B	S000000933	RS26B_YEAST	9	8	86	1	2	2	2	4	15	1	0	5	2	46	5	17	2
RPL19B	S000000123	RL19A_YEAST;RL19B_YEAST	46	12	76	3	4	5	2	9	8	2	0	4	2	90	1	13	2
YMR045C	S000004648	YM13B_YEAST	2	1	0	1	1	1	0	0	15	2	1	1	0	0	0	32	5
ENO1	S000003486	ENO1_YEAST	14	169	473	2	11	7	0	108	49	0	0	4	1	403	1	30	0
ENO2	S000001217	ENO2_YEAST	27	315	1267	2	20	12	0	204	86	1	0	7	1	1164	1	59	1
PDA1	S000000980	ODPA_YEAST	5	0	0	0	0	0	0	0	1	0	0	0	0	0	0	5	0
YNL054W-B	S000007385		13	8	2	1	3	1	0	9	20	3	1	4	0	0	0	46	6
YNL054W-A	S000007384	YN12A_YEAST	12	8	2	1	3	1	0	9	9	2	1	3	0	0	0	20	3
FOL2	S000003499	GCH1_YEAST	1	0	0	1	0	0	0	0	3	0	0	0	0	0	0	5	1
RPL4B	S000002419	RL4B_YEAST	59	38	63	9	10	10	6	35	30	10	3	22	14	51	7	46	10
RPL4A	S000000235	RL4A_YEAST	62	39	63	9	12	10	6	38	30	10	3	22	14	51	7	48	10
TCP1	S000002620	TCPA_YEAST	3	0	0	0	0	0	0	0	5	0	0	0	0	0	0	8	0
sp|K1C15_SHEEP|	-	-	1	0	0	1	0	0	0	3	3	1	0	1	2	0	3	4	0
RPS4A	S000003906	RS4A_YEAST;RS4B_YEAST	26	21	87	7	4	6	7	17	22	8	2	11	12	138	8	29	7
YML039W	S000004503	YM12B_YEAST	17	8	2	1	3	1	0	9	28	3	1	6	0	0	0	58	7
RPS14B	S000003727	RS14B_YEAST	14	10	45	3	4	6	4	10	10	6	5	27	8	43	15	28	5
sp|TRYP_PIG|	-	-	3	188	22	116	4	3	0	60	15	6	2	12	8	37	12	24	44
BFR1	S000005724	BFR1_YEAST	2	0	0	0	0	2	2	0	1	1	0	2	1	0	0	5	3
BBC1	S000003557	BBC1_YEAST	1	0	0	0	0	0	0	0	0	0	0	0	0	0	0	0	0
YML040W	S000004504	YJ11A_YEAST;YL13A_YEAST;YM12A_YEAST	16	8	2	1	3	1	0	9	10	3	1	3	0	0	0	21	3
YER138C	S000000940	YE11B_YEAST	17	8	2	1	3	1	0	9	28	3	1	6	0	0	0	58	7
VAS1	S000003326	SYV_YEAST	1	0	3	0	0	0	0	2	5	0	0	0	0	0	0	1	0
RLI1	S000002498	RLI1_YEAST	1	0	0	0	0	0	0	0	1	0	0	0	0	0	0	1	0
YJR026W	S000003787	YJ11A_YEAST;YL13A_YEAST;YM12A_YEAST	16	8	2	1	3	1	0	9	10	3	1	3	0	0	0	21	3
CAM1	S000005969	EF1G1_YEAST	1	4	0	0	0	1	0	1	1	1	0	0	1	0	0	1	1
PFK2	S000004818	K6PF2_YEAST	7	3	7	0	0	0	0	9	10	0	0	0	0	1	0	1	0
PFK1	S000003472	K6PF1_YEAST	17	1	10	0	0	0	0	7	27	0	0	0	0	1	0	38	0
RPL7A	S000003044	RL7A_YEAST	23	40	109	6	10	4	4	30	17	6	6	9	7	108	5	28	8
HSP60	S000004249	HSP60_YEAST	13	8	16	0	0	0	0	6	17	0	0	0	0	4	0	5	0
HYP2	S000000760	IF5A1_YEAST	4	14	32	0	0	0	0	5	7	0	0	2	0	12	0	4	0
GCN1	S000003163	GCN1_YEAST	3	15	0	1	1	1	0	6	28	0	0	0	0	0	0	52	0
STM1	S000004140	STM1_YEAST	15	0	4	6	5	3	5	3	37	2	2	4	4	2	1	38	4
ERG11	S000001049	CP51_YEAST	1	0	0	0	0	0	0	0	0	0	0	0	0	0	0	0	0
SEC28	S000001338	COPE_YEAST	1	0	0	0	0	0	0	0	1	0	0	0	0	0	0	1	0
ACC1	S000005299	ACAC_YEAST	2	0	0	0	0	1	0	0	14	0	0	0	0	0	0	49	0
RPS21A	S000001765	RS21A_YEAST	2	5	2	0	0	0	0	5	5	0	0	0	0	0	0	3	0
RPS21B	S000003672	RS21B_YEAST	2	6	2	0	0	0	0	2	5	0	0	0	0	0	0	3	0
BMH2	S000002506	BMH2_YEAST	2	13	5	0	0	0	0	15	13	0	0	0	0	2	0	10	1
BMH1	S000000979	BMH1_YEAST	2	13	5	0	0	0	0	18	14	0	0	0	0	2	0	11	1
sp|CAS1_BOVIN|	-	-	2	0	0	0	0	0	0	0	1	0	0	0	0	0	0	2	0
YPR158W-A	S000007363	YO12A_YEAST;YP13A_YEAST	14	7	2	1	3	1	0	9	10	2	1	3	0	0	0	20	3
YPR158W-B	S000007364	YP13B_YEAST	15	7	2	1	3	1	0	9	28	3	1	6	0	0	0	56	7
RPL1A	S000006141	RL1A_YEAST;RL1B_YEAST	12	10	2	8	3	2	6	9	15	2	3	4	11	0	3	18	2
RPL1B	S000003103	RL1A_YEAST;RL1B_YEAST	12	10	2	8	3	2	6	9	15	2	3	4	11	0	3	18	2
MPP10	S000003762	MPP10_YEAST	2	0	0	6	9	0	3	0	22	11	12	18	11	2	12	29	6
RPL24B	S000003380	RL24B_YEAST	12	7	37	0	0	0	0	10	5	0	0	0	0	47	0	7	0
RPL24A	S000002999	RL24A_YEAST	12	8	37	0	0	0	0	10	5	0	0	0	0	47	0	7	0
FPR3	S000004539	FKBP3_YEAST	2	0	53	1	2	1	2	0	2	0	1	2	1	9	3	2	1
GUS1	S000003214	SYEC_YEAST	5	1	6	0	0	0	0	2	1	0	0	1	0	0	0	5	0
ADH1	S000005446	ADH1_YEAST	17	123	635	0	0	0	0	91	43	1	0	2	1	463	0	41	1
RPL10	S000004065	RL10_YEAST	21	24	18	0	2	3	3	18	6	2	3	1	2	9	0	19	1
RPS10A	S000005819	RS10A_YEAST	3	10	8	0	5	2	0	10	4	0	0	0	0	4	0	7	0
YGR027W-B	S000007406	YG11B_YEAST	17	8	2	1	3	1	0	9	26	3	1	5	0	0	0	55	6
sp|K1C9_HUMAN|	-	-	1	7	4	5	10	2	0	16	17	6	0	24	1	0	4	33	4
DPS1	S000003941	SYDC_YEAST	9	0	0	0	0	0	0	0	8	1	0	0	0	0	0	6	0
URA2	S000003666	PYR1_YEAST	11	0	4	1	22	3	0	4	159	1	0	0	2	0	1	272	2
PYK2	S000005874	KPYK2_YEAST	4	8	24	0	2	1	0	2	5	0	0	1	0	19	0	1	0
ASC1	S000004722	GBLP_YEAST	5	18	16	0	2	1	0	27	8	0	0	1	0	10	0	6	0
RPL14A	S000001489	RL14A_YEAST	23	24	51	4	5	2	0	22	3	6	2	4	4	47	1	7	4
RPL14B	S000000993	RL14B_YEAST	23	24	51	4	5	2	0	22	3	5	2	4	4	47	1	7	4
FRS2	S000001872	SYFA_YEAST	1	0	0	0	0	0	0	0	3	0	0	0	0	0	0	0	0
TSA1	S000004490	TSA1_YEAST	10	15	58	0	0	0	0	19	10	0	0	0	0	43	0	5	0
FBA1	S000001543	ALF_YEAST	10	108	162	0	0	2	0	65	18	0	0	1	0	118	0	6	0
CDC19	S000000036	KPYK1_YEAST	50	185	555	2	6	4	0	114	95	4	2	7	1	363	1	54	1
YBR012W-B	S000002155	YB12B_YEAST	15	7	2	1	3	1	0	9	21	3	1	3	0	0	0	46	7
YBR012W-A	S000002154	YB12A_YEAST	14	7	2	1	3	1	0	9	10	2	1	3	0	0	0	20	3
CLU1	S000004614	TIF31_YEAST	6	0	0	2	2	2	4	0	5	1	0	1	1	6	0	3	0
PGK1	S000000605	PGK_YEAST	13	167	444	1	0	2	0	121	102	2	0	9	0	311	0	26	0
SEC13	S000004198	SEC13_YEAST	3	0	0	0	0	0	0	1	5	0	0	0	0	0	0	3	0
UBA1	S000001693	UBA1_YEAST	1	1	0	0	0	0	0	0	0	0	0	0	0	0	0	0	0
PWP1	S000004186	PWP1_YEAST	1	0	0	14	7	0	1	0	22	7	3	24	18	0	18	25	15
YOR142W-B	S000007352	YO12B_YEAST	15	7	2	1	3	1	0	9	26	3	1	5	0	0	0	53	7
YNL284C-A	S000007386	YN11A_YEAST	1	0	0	0	2	0	0	1	3	2	0	2	0	0	0	8	1
YNL284C-B	S000007387	YN11B_YEAST	2	0	0	0	2	0	0	1	12	2	0	2	0	0	0	31	4
YOR142W-A	S000007351	YO12A_YEAST;YP13A_YEAST	14	7	2	1	3	1	0	9	10	2	1	3	0	0	0	20	3
YAR075W	S000002145	YA075_YEAST	10	0	0	0	0	0	0	0	0	0	0	1	0	0	0	4	0
RPA190	S000005868	RPA1_YEAST	1	0	1	16	2	0	3	0	58	5	1	21	15	0	9	78	13
YBL005W-A	S000002146	YB11A_YEAST	1	1	0	1	1	1	0	0	3	1	1	1	0	0	0	3	1
YBL005W-B	S000002147	YB11B_YEAST	2	1	0	1	1	1	0	0	15	2	1	1	0	0	0	32	5
YMR046C	S000004649	YM13A_YEAST	1	1	0	1	1	1	0	0	3	1	1	1	0	0	0	3	1
RPL18A	S000005480	RL18A_YEAST;RL18B_YEAST	20	10	27	2	0	1	2	11	7	3	2	3	6	30	4	13	3
RPL18B	S000005245	RL18A_YEAST;RL18B_YEAST	20	10	27	2	0	1	2	11	7	3	2	3	6	30	4	13	3
RPS5	S000003884	RS5_YEAST	33	28	31	5	10	10	9	30	24	10	6	7	10	22	11	39	6
RPS3	S000005122	RS3_YEAST	49	28	38	7	12	6	5	29	24	5	5	15	5	18	9	27	6
RPS25A	S000003259	RS25A_YEAST	7	10	10	1	3	2	0	9	12	3	0	5	1	37	2	13	3
RPS25B	S000004325	RS25B_YEAST	7	10	10	1	3	2	0	9	12	3	0	5	1	37	2	13	3
YLR035C-A	S000007225		1	0	0	0	0	0	0	0	8	1	0	0	0	0	0	18	3
RPL13A	S000002240	RL13A_YEAST	21	14	24	3	3	5	4	11	10	5	3	9	5	8	5	14	2
RPL13B	S000004750	RL13B_YEAST	21	14	24	3	3	5	4	14	10	5	3	9	5	8	5	14	2
YNL247W	S000005191	SYC_YEAST	1	0	0	0	0	0	0	0	0	0	0	0	0	0	0	0	0
YOL103W-B	S000007350	YO11B_YEAST	17	8	0	1	3	1	0	9	26	3	1	6	0	0	0	57	6
YOL103W-A	S000007349	YO11A_YEAST	16	8	0	1	3	1	0	9	8	3	1	3	0	0	0	20	2
STI1	S000005553	STI1_YEAST	2	0	0	0	0	0	0	0	2	0	0	0	0	0	0	0	0
LPD1	S000001876	DLDH_YEAST	3	0	0	0	0	0	0	0	0	0	0	0	0	0	0	0	0
RPL36A	S000004807	RL36A_YEAST	23	0	28	1	2	0	0	3	10	3	0	3	2	8	3	11	2
RPL36B	S000006438	RL36B_YEAST	23	0	28	2	2	2	0	3	12	5	0	3	4	8	3	12	4
TAL1	S000004346	TAL1_YEAST	2	0	12	0	0	0	0	10	12	0	0	0	0	5	0	0	0
RPS20	S000001007	RS20_YEAST	3	8	27	5	8	8	4	12	12	2	2	3	4	24	0	28	1
sp|K1C10_HUMAN|	-	-	9	3	0	5	0	1	0	14	13	5	1	13	19	0	16	89	4
FPR4	S000004441	FKBP4_YEAST	1	0	21	1	0	0	1	0	3	0	0	2	1	0	2	3	2
YML045W	S000004508	YM11B_YEAST	17	8	2	1	3	1	0	9	28	3	1	6	0	0	0	57	7
YMR051C	S000004654	YD14A_YEAST;YE12A_YEAST;YG13A_YEAST;YL11A_YEAST;YM14A_YEAST	16	8	2	1	3	1	0	9	10	2	1	3	0	0	0	21	3
EGD1	S000005958	NACB1_YEAST	2	0	3	0	0	0	0	0	1	0	0	0	0	0	0	0	0
EGD2	S000001236	NACA_YEAST	1	3	0	0	0	0	0	1	5	0	0	0	0	0	0	2	0
VMA1	S000002344	VATA_YEAST	3	3	9	0	0	0	0	9	21	0	0	0	0	1	0	15	1
VMA2	S000000331	VATB_YEAST	11	5	16	0	4	1	0	6	53	0	0	0	0	8	0	67	0
RPL21A	S000000395	RL21A_YEAST	14	20	6	0	2	6	2	14	4	0	1	5	2	3	1	5	2
RPL21B	S000006000	RL21B_YEAST	9	20	6	0	2	6	2	14	4	0	1	5	2	3	1	5	2
SSE1	S000006027	HSP7F_YEAST	7	4	6	0	0	0	1	17	18	0	0	0	0	0	2	20	0
SSE2	S000000373	HSP79_YEAST	1	0	3	0	0	0	0	6	5	0	0	0	0	0	0	4	0
YJR029W	S000003790	YJ12B_YEAST	17	8	2	1	3	1	0	9	27	3	1	5	0	0	0	58	7
NPL3	S000002840	NOP3_YEAST	4	0	0	70	31	38	14	0	140	122	13	72	249	0	30	212	44
MAP1	S000004234	AMPM1_YEAST	1	0	0	0	0	0	0	0	0	0	0	0	0	0	0	0	0
RVS161	S000000602	RV161_YEAST	1	0	0	0	0	0	0	0	6	1	0	0	0	0	0	14	0
NIP1	S000004926	EIF3C_YEAST	4	0	1	0	0	0	0	1	3	0	0	0	0	0	0	2	0
RPL28	S000003071	RL28_YEAST	17	1	39	3	4	1	1	5	7	3	2	4	1	26	3	7	1
IPP1	S000000215	IPYR_YEAST	1	8	14	0	0	0	0	14	0	0	0	0	0	16	0	0	0
RPL25	S000005487	RL25_YEAST	10	16	23	3	4	5	7	11	11	3	6	8	6	19	2	11	3
PDB1	S000000425	ODPB_YEAST	6	0	0	0	0	0	0	2	3	0	0	0	0	0	0	2	1
ARO10	S000002788	ARO10_YEAST	1	0	0	0	0	0	0	0	0	0	0	0	0	0	0	0	0
SAM2	S000002910	METK2_YEAST	2	4	2	1	1	0	0	3	35	1	0	3	0	0	2	31	1
POR1	S000005000	VDAC1_YEAST	1	0	0	0	0	0	0	4	4	1	0	0	0	0	0	5	1
RPL2A	S000002104	RL2A_YEAST;RL2B_YEAST	19	6	3	0	8	6	4	9	15	2	4	4	2	9	2	20	1
RPL2B	S000001280	RL2A_YEAST;RL2B_YEAST	19	6	3	0	8	6	4	9	15	2	4	4	2	9	2	20	1
ARC1	S000003073	G4P1_YEAST	1	0	0	0	0	0	0	2	2	0	0	0	0	0	0	0	0
RPO31	S000005642	RPC1_YEAST	1	0	0	0	0	0	0	0	0	0	0	0	0	0	0	2	0
CDC60	S000006081	SYLC_YEAST	1	2	0	0	0	0	0	2	0	0	0	0	0	0	0	2	0
SNU13	S000000752	SNU13_YEAST	4	8	64	5	4	1	0	0	11	5	1	24	14	77	10	17	4
LAT1	S000005015	ODP2_YEAST	9	0	0	0	0	0	0	0	0	0	0	0	0	0	0	1	0
RPS11B	S000000252	RS11A_YEAST;RS11B_YEAST	15	1	22	3	2	0	2	6	10	1	2	1	2	28	3	9	2
RPS11A	S000002432	RS11A_YEAST;RS11B_YEAST	15	1	22	3	2	0	2	6	10	1	2	1	2	28	3	9	2
TIF35	S000002837	EIF3G_YEAST	1	0	0	1	1	0	0	0	3	0	0	0	0	0	0	5	0
TIF34	S000004754	EIF3I_YEAST	1	0	0	0	0	0	0	0	1	0	0	0	0	0	0	2	0
HSC82	S000004798	HSC82_YEAST	27	66	233	1	8	13	0	54	37	4	1	7	3	146	2	50	2
RPS6B	S000000385	RS6A_YEAST;RS6B_YEAST	34	24	47	3	10	7	12	32	16	3	10	10	4	46	7	19	5
RPS6A	S000006011	RS6A_YEAST;RS6B_YEAST	34	24	47	3	10	7	12	32	16	3	10	10	4	46	7	19	5
TYS1	S000003417	SYYC_YEAST	2	0	0	0	2	2	0	0	2	0	0	0	1	0	0	2	1
ASN2	S000003356	ASNS2_YEAST	1	0	0	1	0	0	0	1	4	1	0	0	0	0	0	2	0
LSG1	S000003067	LSG1_YEAST	1	0	0	1	0	0	0	0	2	1	0	4	0	0	4	12	0
SAH1	S000000845	SAHH_YEAST	1	3	2	0	0	0	0	6	2	0	0	0	0	0	0	0	0
SBP1	S000001026	SSBP1_YEAST	1	0	0	3	1	2	2	0	16	2	0	3	1	0	4	11	3
ASN1	S000006349	ASNS1_YEAST	1	0	0	1	1	0	0	1	12	3	1	1	2	0	0	22	0
KRS1	S000002444	SYKC_YEAST	1	0	0	0	0	0	0	0	7	0	0	0	1	0	0	3	0
RPS18A	S000002858	RS18A_YEAST;RS18B_YEAST	5	24	55	4	6	6	2	18	9	3	2	7	2	37	6	20	2
RPS18B	S000004488	RS18A_YEAST;RS18B_YEAST	5	24	55	4	6	6	2	18	9	3	2	7	2	37	6	20	2
XRN1	S000003141	XRN1_YEAST	2	0	0	8	1	1	4	0	31	8	4	3	8	0	2	16	14
RPL31A	S000002233	RL31A_YEAST	15	3	58	3	5	5	0	6	8	3	0	12	5	67	6	13	4
RPL31B	S000004398	RL31B_YEAST	15	3	40	3	3	3	0	3	8	1	0	10	3	46	4	13	2
RPS2	S000003091	RS2_YEAST	27	25	82	1	6	5	4	21	28	1	3	1	1	71	0	27	0
YML045W-A	S000007381	YM11A_YEAST	16	8	2	1	3	1	0	9	10	2	1	3	0	0	0	21	3
YDR261C-D	S000007395	YD13B_YEAST	16	8	2	1	3	1	0	9	27	3	1	5	0	0	0	55	7
SSA1	S000000004	HSP71_YEAST	48	90	284	3	11	5	3	74	111	12	4	24	10	247	16	113	9
SSA3	S000000171	HSP73_YEAST	14	22	84	1	3	3	0	22	35	3	0	7	2	70	4	43	1
RPL5	S000006052	RL5_YEAST	17	30	30	1	14	7	4	23	35	2	0	6	5	20	3	34	5
SSA4	S000000905	HSP74_YEAST	21	29	101	1	1	0	0	27	35	3	0	4	3	86	4	47	2
THS1	S000001340	SYTC_YEAST	3	3	9	1	0	0	0	3	5	0	0	0	0	0	0	8	0
KRI1	S000005252	KRI1_YEAST	1	0	100	9	0	0	0	0	24	9	3	9	9	189	20	24	6
GSP2	S000005711	GSP2_YEAST	1	4	35	0	1	1	0	7	1	0	0	0	0	2	0	4	0
GSP1	S000004284	GSP1_YEAST	1	4	35	0	1	1	0	7	1	0	0	0	0	2	0	4	0
NCP1	S000001084	NCPR_YEAST	1	0	0	0	0	0	0	0	0	0	0	0	0	0	0	0	0
MIS1	S000000288	C1TM_YEAST	4	0	0	2	0	0	1	0	4	1	1	1	1	0	0	5	3
RPS16B	S000002241	RS16A_YEAST;RS16B_YEAST	6	24	69	5	15	7	2	9	29	3	3	13	4	52	3	27	8
RPL17A	S000001663	RL17A_YEAST	34	9	28	3	7	9	4	11	22	2	0	9	4	24	6	18	2
RPL17B	S000003713	RL17B_YEAST	18	6	25	1	9	9	3	8	21	3	0	9	2	19	4	17	2
RPS16A	S000004751	RS16A_YEAST;RS16B_YEAST	6	24	69	5	15	7	2	9	29	3	3	13	4	52	3	27	8
YLR157C-A	S000007373	YD15A_YEAST;YE11A_YEAST;YL12A_YEAST;YP11A_YEAST	16	8	2	1	3	1	0	9	10	3	1	3	0	0	0	21	3
YLR157C-B	S000007374	YL12B_YEAST	16	8	2	1	3	1	0	9	28	3	1	6	0	0	0	58	7
RPL6A	S000004538	RL6A_YEAST	30	17	57	2	3	4	5	16	6	0	0	3	2	47	3	14	2
RPL6B	S000004440	RL6B_YEAST	32	17	62	4	3	6	4	19	6	4	2	4	4	48	3	8	2
MET6	S000000893	METE_YEAST	3	2	3	0	0	0	0	0	14	0	0	0	0	0	0	1	0
CHC1	S000003174	CLH_YEAST	11	0	0	0	1	0	0	1	4	0	0	0	0	0	0	7	0
SIS1	S000004952	SIS1_YEAST	2	20	0	0	0	0	0	4	5	0	0	0	0	0	0	4	1
EFB1	S000000003	EF1B_YEAST	14	14	13	0	0	0	0	10	4	0	0	0	0	6	0	1	0
GSF2	S000004511	GSF2_YEAST	1	0	0	0	0	0	0	0	1	0	0	0	0	0	0	2	0
RPL35A	S000002350	RL35A_YEAST;RL35B_YEAST	9	2	1	1	0	0	0	3	5	1	0	1	1	0	2	11	1
YDR098C-A	S000007390	YD11A_YEAST	16	8	2	1	3	1	0	9	10	3	1	3	0	0	0	21	3
PMA2	S000005957	PMA2_YEAST	3	5	13	6	5	6	1	13	43	10	1	7	16	5	2	54	11
PMA1	S000002976	PMA1_YEAST	4	5	13	11	5	7	2	15	51	12	2	8	20	5	2	62	15
YMR050C	S000004653	YM14B_YEAST	17	8	2	1	3	1	0	9	27	3	1	5	0	0	0	57	7
YLR256W-A	S000007377	YL14A_YEAST	16	8	2	1	3	1	0	9	10	3	1	3	0	0	0	21	3
PRT1	S000005888	EIF3B_YEAST	2	0	0	0	1	0	0	0	4	0	0	0	0	0	0	11	0
YGR169C-A	S000028521	YG169_YEAST	2	0	0	2	0	0	0	0	3	0	0	2	0	0	0	2	0
RPL22A	S000004051	RL22A_YEAST	6	3	16	3	3	2	3	4	10	3	2	4	3	13	3	6	4
RPA49	S000005192	RPA49_YEAST	1	0	19	2	2	1	3	0	21	2	1	9	3	9	5	20	4
TRP5	S000002994	TRP_YEAST	1	0	0	0	0	0	0	0	6	0	0	0	0	0	0	1	0
SSA2	S000003947	HSP72_YEAST	56	97	297	6	15	10	5	78	115	11	9	30	11	262	18	121	6
FAS2	S000006152	FAS2_YEAST	25	1	4	0	0	0	0	3	34	0	0	0	1	0	0	34	0
FAS1	S000001665	FAS1_YEAST	26	2	11	0	2	2	0	12	25	0	0	0	0	3	0	21	0
RPL3	S000005589	RL3_YEAST	30	8	14	10	13	10	14	13	16	12	8	18	6	14	9	34	9
RPP0	S000004332	RLA0_YEAST	24	20	71	5	8	6	4	27	22	6	4	5	6	63	5	22	6
SRO9	S000000542	SRO9_YEAST	2	0	0	2	3	2	3	0	11	4	2	4	3	0	4	16	3
ADH2	S000004918	ADH2_YEAST	10	46	242	0	0	0	0	24	12	0	0	0	0	163	0	9	0
IMD4	S000004520	IMDH4_YEAST	26	0	0	6	0	0	0	2	26	3	0	12	4	0	4	24	4
IMD2	S000001259	IMDH2_YEAST	27	0	0	3	0	1	1	1	31	2	1	6	4	0	2	19	5
IMD3	S000004424	IMDH3_YEAST	44	0	0	5	0	1	1	2	42	3	1	10	7	0	4	26	6
IMD1	S000000095	IMDH1_YEAST	17	0	0	3	0	1	1	1	23	2	1	5	4	0	2	9	5
GRS1	S000000325	SYG_YEAST	1	0	0	0	1	0	0	0	1	0	0	0	0	0	0	1	0
ALA1	S000005862	SYA_YEAST	1	0	0	0	0	0	0	0	1	0	0	0	0	0	0	1	0
RPS13	S000002471	RS13_YEAST	13	27	178	5	3	6	2	23	31	5	0	3	4	230	2	41	3
RPS12	S000005896	RS12_YEAST	6	24	63	3	3	1	2	16	6	3	2	2	3	22	1	12	2
RPS23B	S000006336	RS23A_YEAST;RS23B_YEAST	5	9	34	0	0	0	0	6	0	0	0	0	0	89	0	0	1
TMA7	S000007246	TMA7_YEAST	2	0	0	0	0	0	0	0	2	0	0	0	0	0	2	1	0
RPS15	S000005400	RS15_YEAST	11	26	33	6	12	5	5	18	13	5	6	19	5	17	4	22	5
RPS23A	S000003350	RS23A_YEAST;RS23B_YEAST	5	9	34	0	0	0	0	6	0	0	0	0	0	89	0	0	1
PDC5	S000004124	PDC5_YEAST	5	43	32	0	0	0	0	28	3	0	0	0	0	18	0	2	0
MRT4	S000001492	MRT4_YEAST	2	0	0	1	0	0	1	0	5	1	2	2	3	1	5	4	1
YAR009C	S000000067	YA11B_YEAST	1	0	0	0	0	0	0	0	14	1	0	3	0	0	0	26	3
RPB10	S000005736	RPAB5_YEAST	1	0	0	0	0	0	0	0	2	0	0	1	0	0	0	2	0
YGR210C	S000003442	YG4I_YEAST	1	0	0	0	0	0	0	0	0	0	0	0	0	0	0	0	0
AHP1	S000004099	AHP1_YEAST	2	35	33	0	0	0	0	23	10	1	0	0	0	23	0	0	0
TSR1	S000002218	TSR1_YEAST	2	0	0	0	0	0	0	0	0	0	0	0	0	0	0	1	0
VMA10	S000002100	VATG_YEAST	1	0	0	0	0	0	0	0	2	0	0	0	0	0	0	0	0
YGR161C-C	S000007367	YD14A_YEAST;YE12A_YEAST;YG13A_YEAST;YL11A_YEAST;YM14A_YEAST	16	8	2	1	3	1	0	9	10	2	1	3	0	0	0	21	3
TMA20	S000002957	TMA20_YEAST	1	0	0	0	0	0	0	0	1	0	0	0	0	0	0	3	0
SSB1	S000002388	HSP75_YEAST	40	60	102	13	17	11	7	78	90	10	5	37	18	98	21	118	13
SSB2	S000005153	HSP76_YEAST	39	60	100	12	18	12	7	78	91	11	7	38	17	93	21	122	12
YDR261C-C	S000007394	TY1A_YEASX;YD13A_YEAST	16	8	2	1	3	1	0	9	10	2	1	3	0	0	0	21	3
GND2	S000003488	6PGD2_YEAST	1	9	7	0	0	0	0	3	0	0	0	0	0	6	0	0	0
GND1	S000001226	6PGD1_YEAST	1	19	26	0	0	0	0	19	11	0	0	0	0	24	0	0	0
RPS24B	S000001331	RS24A_YEAST;RS24B_YEAST	20	15	12	0	1	0	0	23	1	0	0	0	0	17	0	5	1
RPS24A	S000000876	RS24A_YEAST;RS24B_YEAST	20	15	12	0	1	0	0	23	1	0	0	0	0	17	0	5	1
LEU1	S000002977	LEUC_YEAST	2	0	0	0	0	0	0	0	0	0	0	0	0	0	0	0	0
HTA2	S000000099	H2A2_YEAST	1	31	187	2	1	1	0	11	2	2	0	8	4	254	4	2	2
HTA1	S000002633	H2A1_YEAST	1	31	187	2	1	1	0	11	2	2	0	8	4	254	4	2	2
IKI3	S000004376	ELP1_YEAST	1	0	0	0	0	0	0	0	1	0	0	0	0	0	0	3	0
SUP35	S000002579	ERF3_YEAST	2	0	0	0	2	1	1	0	13	0	2	0	1	0	0	13	0
KAR2	S000003571	GRP78_YEAST	5	7	23	3	0	0	0	4	16	1	0	0	4	17	3	19	2
RPL38	S000004317	RL38_YEAST	7	8	148	0	0	0	0	3	3	0	0	2	0	160	0	12	0
RPL39	S000003725	RL39_YEAST	11	0	0	0	0	0	0	0	0	0	0	0	0	0	0	0	0
PDC1	S000004034	PDC1_YEAST	33	259	613	1	3	4	0	135	65	2	0	6	3	544	1	27	3
SPN1	S000006337	IWS1_YEAST	2	0	0	0	0	0	0	0	0	0	0	0	0	0	0	0	0
RPL32	S000000188	RL32_YEAST	27	2	20	2	1	4	0	9	4	4	0	3	3	12	2	3	2
RPL30	S000002998	RL30_YEAST	10	14	11	1	2	2	0	7	9	1	0	4	1	3	0	12	1
PDC6	S000003319	PDC6_YEAST	5	54	72	0	0	0	0	37	3	0	0	0	0	60	0	1	0
RPS1B	S000004528	RS3A2_YEAST	21	19	105	3	2	3	0	21	21	0	0	8	2	51	2	39	3
RPS1A	S000004433	RS3A1_YEAST	18	18	93	3	2	3	0	17	24	0	0	8	3	42	0	41	4
YGR161C-D	S000007368	YG13B_YEAST	17	8	2	1	3	1	0	9	22	3	1	3	0	0	0	47	7
NEW1	S000006147	NEW1_YEAST	5	5	0	2	4	2	0	0	49	0	0	3	4	0	2	79	2
RPL12B	S000002826	RL12A_YEAST;RL12B_YEAST	18	15	23	3	4	4	4	17	21	2	3	8	8	10	3	38	4
RPL12A	S000000780	RL12A_YEAST;RL12B_YEAST	18	15	23	3	4	4	4	17	21	2	3	8	8	10	3	38	4
MAL33	S000000501	MAL33_YEAST	0	1	0	0	0	0	0	0	0	0	0	0	0	0	0	0	0
HTZ1	S000005372	H2AZ_YEAST	0	9	157	1	0	0	0	4	1	1	0	2	3	216	1	1	1
ATP19	S000007339	ATP19_YEAST	0	1	0	0	0	0	0	0	0	0	0	0	0	0	0	0	0
ATP15	S000006192	ATP5E_YEAST	0	4	0	0	0	0	0	4	0	0	0	0	0	0	0	0	0
HMF1	S000000859	HMF1_YEAST	0	1	0	0	0	0	0	3	0	0	0	0	0	0	0	0	0
UBC4	S000000286	UBC4_YEAST	0	2	0	0	0	0	0	0	2	0	0	0	0	0	0	1	0
TRR1	S000002761	TRXB1_YEAST	0	1	0	0	0	0	0	0	0	0	0	0	0	0	0	0	0
YMR099C	S000004705	YMY9_YEAST	0	1	0	0	0	0	0	0	2	0	0	0	0	0	0	0	0
RPS27B	S000001063	RS27B_YEAST	0	21	2	0	0	1	0	2	2	1	0	0	1	0	0	1	1
RPS27A	S000001639	RS27_YEAST	0	21	2	0	0	1	0	2	2	1	0	0	1	0	0	1	1
HHT1	S000000214	H3_YEAST	0	4	54	2	0	0	0	4	1	1	0	1	1	75	1	2	1
HHT2	S000004976	H3_YEAST	0	4	54	2	0	0	0	4	1	1	0	1	1	75	1	2	1
GIS2	S000005199	GIS2_YEAST	0	9	0	0	0	0	0	3	0	0	0	0	0	0	0	0	0
CPR5	S000002712	CYPD_YEAST	0	1	0	0	0	0	0	0	0	0	0	0	0	0	0	0	0
ADO1	S000003866	ADK_YEAST	0	10	9	0	0	0	0	6	12	0	0	0	0	5	0	0	0
UBI4	S000003962	UBI4P_YEAST	0	5	0	0	0	0	0	2	2	0	0	0	0	0	0	3	0
CPR1	S000002562	CYPH_YEAST	0	35	63	0	0	0	0	26	10	0	0	0	0	59	0	7	0
ARO8	S000003170	ARO8_YEAST	0	3	0	0	0	0	0	0	0	0	0	0	0	0	0	0	0
RPL40B	S000001802	RL401_YEAST;RL402_YEAST	0	5	0	0	0	0	0	2	2	0	0	0	0	0	0	3	0
SPB1	S000000559	SPB1_YEAST	0	2	0	0	0	0	0	0	0	0	0	0	0	4	0	2	1
SES1	S000002430	SYSC_YEAST	0	1	5	0	0	0	0	1	3	0	0	0	0	0	0	1	0
CSE1	S000003207	CSE1_YEAST	0	2	0	0	0	0	0	0	1	0	0	0	0	0	0	0	0
SAR1	S000006139	SAR1_YEAST	0	4	0	0	2	2	0	2	4	1	0	0	1	0	0	7	1
ARF2	S000002296	ARF2_YEAST	0	20	0	0	0	0	0	9	5	0	0	1	0	0	0	10	0
ARF1	S000002351	ARF1_YEAST	0	31	0	0	0	0	0	12	7	0	0	1	0	0	0	11	0
HHF2	S000004975	H4_YEAST	0	2	25	6	9	2	4	8	9	5	6	10	6	40	9	16	5
HHF1	S000000213	H4_YEAST	0	2	25	6	9	2	4	8	9	5	6	10	6	40	9	16	5
RNR4	S000003412	RIR4_YEAST	0	1	6	0	0	0	0	0	0	0	0	0	0	1	0	0	0
PDR1	S000002981	PDR1_YEAST	0	1	0	0	0	0	0	2	0	0	0	0	0	0	0	0	0
YNL208W	S000005152	YNU8_YEAST	0	11	0	0	0	0	0	0	14	0	0	0	0	0	0	31	0
CAF120	S000005222	CA120_YEAST	0	5	0	0	1	0	0	2	2	0	0	0	0	0	0	3	0
SMD1	S000003306	SMD1_YEAST	0	4	0	0	0	0	0	1	0	1	0	0	1	2	0	1	1
sp|ALBU_HUMAN|	-	-	0	1	0	0	0	0	0	4	0	0	0	0	0	0	0	0	0
STE12	S000001126	STE12_YEAST	0	1	0	0	0	0	0	0	0	0	0	0	0	0	0	2	0
IRC21	S000004677	IRC21_YEAST	0	4	0	0	0	0	0	0	0	0	0	0	0	0	0	0	0
CYS3	S000000010	CYS3_YEAST	0	5	6	0	0	0	0	5	4	0	0	0	0	0	0	1	0
VPS28	S000005986	VPS28_YEAST	0	1	0	0	0	0	0	0	0	0	0	0	0	0	0	0	0
ADK1	S000002634	KAD1_YEAST	0	8	30	0	0	0	0	16	5	0	0	0	0	5	0	1	0
ACB1	S000003269	ACBP_YEAST	0	6	0	0	0	0	0	0	0	0	0	0	0	0	0	0	0
ISA1	S000003950	ISA1_YEAST	0	1	0	0	0	0	0	0	0	0	0	0	0	0	0	0	0
ADE6	S000003293	PUR4_YEAST	0	3	0	0	0	0	0	0	0	0	0	0	0	0	0	0	0
ILV5	S000004347	ILV5_YEAST	0	13	50	0	0	0	0	22	7	0	1	0	0	1	0	5	0
ILV3	S000003777	ILV3_YEAST	0	1	0	0	0	0	0	1	0	0	0	0	0	0	0	3	0
YHB1	S000003466	FHP_YEAST	0	3	0	0	0	0	0	1	0	1	0	0	0	0	0	1	0
PBP1	S000003410	PBP1_YEAST	0	3	0	1	0	2	3	1	11	0	4	1	1	0	2	10	1
SPE3	S000006273	SPEE_YEAST	0	2	0	0	0	0	0	4	0	0	0	0	0	0	0	0	0
YCR087C-A	S000007223	YC16_YEAST	0	3	32	1	0	0	0	0	2	0	0	2	2	84	1	2	2
RPN8	S000005787	RPN8_YEAST	0	1	0	0	0	0	0	0	0	0	0	0	0	0	0	2	0
RSM18	S000000852	RSM18_YEAST	0	9	0	0	0	0	0	2	0	0	0	0	0	0	0	0	0
YHR020W	S000001062	YHI0_YEAST	0	1	0	1	0	2	0	0	21	0	0	0	0	0	0	30	0
MMF1	S000001313	MMF1_YEAST	0	9	10	0	0	0	0	11	1	0	0	0	0	13	0	1	0
MSB1	S000005714	MSB1_YEAST	0	15	0	1	0	0	0	5	1	0	0	0	0	0	0	2	0
HOR2	S000000864	GPP2_YEAST	0	12	17	0	0	0	0	7	4	0	0	0	0	16	0	1	0
RPL40A	S000001410	RL401_YEAST;RL402_YEAST	0	5	0	0	0	0	0	2	2	0	0	0	0	0	0	3	0
NOP58	S000005837	NOP58_YEAST	0	1	146	42	36	31	25	0	149	56	26	121	79	162	63	178	51
NOP56	S000004187	NOP56_YEAST	0	2	165	89	53	26	26	0	216	65	30	164	213	183	94	230	63
YMR178W	S000004790	YM44_YEAST	0	3	0	0	0	0	0	0	0	0	0	0	0	0	0	0	0
CMD1	S000000313	CALM_YEAST	0	1	1	0	0	1	0	3	4	0	0	0	0	0	0	2	0
LSM4	S000000914	LSM4_YEAST	0	1	0	0	0	0	0	0	0	0	0	0	0	0	0	1	0
NTF2	S000000811	NTF2_YEAST	0	2	4	0	0	0	0	8	0	0	0	0	0	0	0	0	0
ERG13	S000004595	HMCS_YEAST	0	1	1	0	0	0	0	0	0	0	0	0	0	0	0	0	0
SEC26	S000002646	COPB_YEAST	0	1	0	0	0	0	0	0	7	0	0	0	0	0	0	10	0
ZEO1	S000005469	ZEO1_YEAST	0	1	5	0	0	0	0	3	11	0	0	0	0	2	0	1	0
THI3	S000002238	THI3_YEAST	0	12	0	0	0	0	0	5	0	0	0	0	0	0	0	0	0
COF1	S000003973	COFI_YEAST	0	1	11	0	0	0	0	1	1	0	0	0	0	1	0	0	0
TKL1	S000006278	TKT1_YEAST	0	2	0	0	0	0	0	5	8	0	0	0	0	0	0	1	0
TPI1	S000002457	TPIS_YEAST	0	9	1	0	0	0	0	3	0	0	0	0	0	1	0	0	0
HXK2	S000003222	HXKB_YEAST	0	24	60	0	0	0	0	33	11	0	0	0	0	37	0	1	0
SHM2	S000004048	GLYC_YEAST	0	4	5	1	0	0	0	8	1	0	0	0	0	1	0	0	0
ADH3	S000004688	ADH3_YEAST	0	6	2	0	0	0	0	0	3	0	0	0	0	0	0	2	0
FPR1	S000005079	FKBP_YEAST	0	22	22	0	0	0	0	13	5	0	0	0	0	16	0	0	0
THR4	S000000649	THRC_YEAST	0	5	4	0	0	0	0	3	5	0	0	0	0	0	0	0	0
URA1	S000001699	PYRD_YEAST	0	5	0	0	0	0	0	9	0	0	0	0	0	0	0	0	0
OYE2	S000001222	OYE2_YEAST	0	1	1	0	0	0	0	9	0	0	0	0	0	2	0	0	0
PFY1	S000005648	PROF_YEAST	0	3	0	0	0	0	0	5	0	0	0	0	0	0	0	0	0
MRPL20	S000001793	RM20_YEAST	0	8	0	0	0	0	0	6	0	0	0	0	0	0	0	0	0
FRS1	S000004050	SYFB_YEAST	0	1	0	0	0	0	0	0	1	0	0	0	0	0	0	1	0
TSA2	S000002861	TSA2_YEAST	0	3	7	0	0	0	0	1	2	0	0	0	0	5	0	1	0
CHA1	S000000569	STDH_YEAST	0	9	0	1	0	0	0	3	4	0	0	0	1	0	0	0	1
TRX2	S000003441	TRX2_YEAST	0	6	26	0	1	2	0	6	6	3	0	0	0	14	1	10	1
TRX1	S000004033	TRX1_YEAST	0	9	45	0	1	2	0	8	5	0	0	2	0	33	0	6	0
HIS1	S000000857	HIS1_YEAST	0	1	0	0	0	0	0	0	1	0	0	0	0	0	0	0	0
YOL019W	S000005379	YOL19_YEAST	0	14	0	0	0	0	0	4	0	0	0	0	0	0	0	0	0
MBF1	S000007253	MBF1_YEAST	0	1	0	1	0	0	1	0	0	0	0	0	1	0	0	3	1
DEF1	S000001537	DEF1_YEAST	0	1	0	0	0	0	0	0	0	0	0	0	0	0	0	0	0
YOR1	S000003513	YOR1_YEAST	0	1	0	0	0	0	0	0	0	0	0	0	0	0	0	0	0
HOT13	S000001567	HOT13_YEAST	0	3	0	0	0	0	0	1	0	0	0	0	0	0	0	0	0
MES1	S000003496	SYMC_YEAST	0	1	0	0	0	0	0	0	1	0	0	0	0	0	0	4	0
LYS21	S000002289	HOSM_YEAST	0	2	0	0	0	0	0	2	3	0	0	0	0	0	0	10	1
LYS20	S000002341	HOSC_YEAST	0	2	0	0	0	0	0	2	3	0	0	0	0	0	0	11	1
CYC7	S000000765	CYC7_YEAST	0	2	0	0	0	0	0	0	0	0	0	0	0	0	0	0	0
CYC1	S000003809	CYC1_YEAST	0	2	0	0	0	0	0	0	0	0	0	0	0	0	0	0	0
RPS29B	S000002219	RS29B_YEAST	0	4	0	0	0	0	0	3	0	0	0	0	0	0	0	0	0
SOD1	S000003865	SODC_YEAST	0	8	25	0	0	0	0	6	3	0	0	0	0	11	0	0	0
KAP95	S000004339	IMB1_YEAST	0	1	0	0	2	2	0	0	4	0	0	0	0	0	0	2	0
TMA19	S000001539	TCTP_YEAST	0	14	68	0	0	0	0	16	10	0	0	0	0	17	0	1	0
RFA3	S000003709	RFA3_YEAST	0	1	0	0	0	0	0	0	1	0	0	0	0	0	0	1	0
SCT1	S000000107	GPT1_YEAST	0	2	0	0	0	0	0	0	0	0	0	0	0	0	0	1	0
APL4	S000006233	AP1G1_YEAST	0	1	2	1	2	0	0	0	2	2	0	2	0	0	0	3	1
SGT2	S000005533	SGT2_YEAST	0	1	0	0	0	0	0	1	0	0	0	0	0	0	0	0	0
NGR1	S000000416	NGR1_YEAST	0	1	0	0	0	0	0	0	1	0	0	0	0	0	0	1	0
RIM101	S000001019	PACC_YEAST	0	1	0	0	0	0	0	0	0	0	0	0	0	0	0	0	0
BAT2	S000003909	BCA2_YEAST	0	3	1	0	0	0	0	4	1	0	0	0	0	0	0	0	0
SMT3	S000002918	SMT3_YEAST	0	3	1	0	0	0	0	0	1	0	0	0	0	0	0	0	0
FAA1	S000005844	LCF1_YEAST	0	4	4	0	0	0	0	0	1	0	0	0	0	8	0	0	0
RPL22B	S000006436	RL22B_YEAST	0	2	6	1	0	0	0	0	1	0	0	2	0	12	1	0	1
TIM10	S000003530	TIM10_YEAST	0	1	0	0	0	0	0	0	0	0	0	0	0	0	0	0	0
ADH5	S000000349	ADH5_YEAST	0	7	54	0	0	0	0	2	2	0	0	0	0	20	0	2	0
ARL1	S000000368	ARL1_YEAST	0	1	0	0	0	0	0	0	0	0	0	0	0	0	0	1	0
ADE13	S000004351	PUR8_YEAST	0	1	0	0	0	0	0	0	0	0	0	0	0	0	0	0	0
GUA1	S000004830	GUAA_YEAST	0	2	0	0	0	0	0	1	3	0	0	0	0	0	0	1	0
PET9	S000000126	ADT2_YEAST	0	2	0	0	0	0	0	0	3	0	0	0	0	0	0	7	0
YDL124W	S000002282	KAR_YEAST	0	2	0	0	0	0	0	2	0	0	0	0	0	0	0	0	0
AKL1	S000000263	AKL1_YEAST	0	0	2	0	2	0	0	0	24	0	0	5	0	7	3	8	0
RPA34	S000003684	RPA34_YEAST	0	0	2	0	0	0	0	0	3	0	0	3	1	0	0	9	1
SBA1	S000001600	SBA1_YEAST	0	0	3	0	0	0	0	1	1	0	0	0	0	0	0	0	0
GAR1	S000001131	GAR1_YEAST	0	0	60	17	9	9	4	0	49	13	1	16	58	63	12	56	11
PEP4	S000006075	CARP_YEAST	0	0	2	0	0	0	0	0	0	0	0	0	0	2	0	0	0
HMO1	S000002581	HMO1_YEAST	0	0	26	0	0	0	0	0	1	1	0	1	1	24	1	3	2
SET2	S000003704	SET2_YEAST	0	0	16	0	0	0	0	0	0	0	0	0	0	19	0	0	0
OSW1	S000005781	OSW1_YEAST	0	0	1	0	0	0	0	0	0	0	0	0	0	0	0	0	0
RGC1	S000006319	RGC1_YEAST	0	0	5	1	0	0	0	0	4	0	0	0	0	23	0	1	2
MAK5	S000000346	MAK5_YEAST	0	0	1	0	0	0	0	0	9	2	0	3	3	2	5	8	5
YLR179C	S000004169	YL179_YEAST	0	0	4	0	0	0	0	3	2	0	0	0	0	2	0	0	0
DBP9	S000004266	DBP9_YEAST	0	0	6	1	0	0	0	0	4	2	0	4	5	22	1	3	3
DBP3	S000003046	DBP3_YEAST	0	0	177	2	1	0	0	0	14	2	0	14	5	427	3	23	8
ANB1	S000003808	IF5A2_YEAST	0	0	1	0	0	0	0	0	1	0	0	0	0	0	0	0	0
GFA1	S000001587	GFA1_YEAST	0	0	1	0	0	0	0	0	12	0	0	0	0	0	0	6	0
PRP43	S000003088	PRP43_YEAST	0	0	45	22	5	1	2	0	44	25	2	38	40	53	25	49	25
URB1	S000001497	URB1_YEAST	0	0	1	24	29	18	13	0	97	16	14	46	28	2	30	94	28
CBF5	S000004165	CBF5_YEAST	0	0	114	76	47	30	20	0	137	37	16	134	217	94	80	181	45
BRX1	S000005437	BRX1_YEAST	0	0	3	4	5	2	4	0	7	6	0	8	6	22	6	7	4
SUB1	S000004642	SUB1_YEAST	0	0	1	0	0	0	0	0	0	0	0	0	0	0	0	0	0
WRS1	S000005457	SYWC_YEAST	0	0	1	0	0	0	0	0	0	0	0	0	0	0	0	0	0
ASK10	S000003329	ASK10_YEAST	0	0	7	0	0	0	0	0	1	1	0	0	1	31	0	0	4
MAS2	S000001066	MPPA_YEAST	0	0	1	0	0	0	0	0	0	0	0	0	0	0	0	0	0
DBP10	S000002189	DBP10_YEAST	0	0	6	0	0	0	0	0	0	0	0	0	0	17	0	3	0
GLY1	S000000772	GLY1_YEAST	0	0	1	0	0	0	0	2	1	0	0	0	0	0	0	2	0
RPA12	S000003824	RPA12_YEAST	0	0	1	1	0	0	0	0	2	0	0	2	1	0	2	6	0
PPZ1	S000004478	PPZ1_YEAST	0	0	8	0	0	0	0	0	0	0	0	0	0	28	0	0	0
NOP53	S000006067	NOP53_YEAST	0	0	1	0	0	0	0	0	0	0	0	0	0	1	0	0	0
ERB1	S000004652	ERB1_YEAST	0	0	1	15	4	0	4	0	36	17	10	35	21	0	31	48	16
BMS1	S000006138	BMS1_YEAST	0	0	22	2	0	0	0	0	18	2	2	12	9	47	10	19	6
ROK1	S000003139	ROK1_YEAST	0	0	3	1	4	0	0	0	5	4	0	4	4	8	1	11	2
CKA2	S000005587	CSK22_YEAST	0	0	2	1	0	0	0	0	8	0	0	0	2	4	0	6	1
SEC21	S000005231	COPG_YEAST	0	0	1	0	0	0	0	0	4	0	0	0	0	0	0	8	0
NUG1	S000000808	NUG1_YEAST	0	0	9	2	0	0	0	0	2	2	0	0	1	58	0	5	0
SRP21	S000001605	SRP21_YEAST	0	0	1	0	0	0	0	0	0	0	0	0	0	2	0	0	0
RRP5	S000004842	RRP5_YEAST	0	0	5	50	27	3	9	0	168	45	25	105	76	16	78	170	68
NOP10	S000007455	NOP10_YEAST	0	0	8	6	6	4	2	0	4	7	2	4	8	4	2	17	5
OSH3	S000001115	OSH3_YEAST	0	0	3	1	0	0	0	0	1	0	0	0	1	24	0	0	1
MAK21	S000002467	MAK21_YEAST	0	0	4	10	3	0	4	0	35	12	9	45	20	25	26	35	13
PXR1	S000003512	PXR1_YEAST	0	0	6	3	2	0	4	0	3	2	1	7	8	8	5	11	4
CDS1	S000000233	CDS1_YEAST	0	0	13	0	0	0	0	1	0	0	0	0	0	14	0	0	0
VMA4	S000005859	VATE_YEAST	0	0	2	0	0	0	0	4	5	0	0	0	0	1	0	0	0
CIC1	S000001094	CIC1_YEAST	0	0	1	5	2	0	0	0	15	1	2	13	7	1	14	15	6
HHO1	S000006048	H1_YEAST	0	0	34	1	0	0	2	0	0	0	0	0	0	109	0	0	0
YKL023W	S000001506	YKC3_YEAST	0	0	1	0	0	0	0	0	0	0	0	0	0	0	0	0	0
FUN12	S000000033	IF2P_YEAST	0	0	22	1	3	5	3	0	9	1	2	4	1	19	2	14	2
NOC2	S000005732	NOC2_YEAST	0	0	11	5	0	0	0	0	37	5	1	14	13	29	11	32	8
GRE2	S000005511	GRE2_YEAST	0	0	1	0	0	0	0	0	0	0	0	0	0	0	0	0	0
YRA1	S000002789	YRA1_YEAST	0	0	5	2	0	0	2	0	8	1	4	4	0	20	2	10	1
YDR341C	S000002749	SYRC_YEAST	0	0	1	0	0	0	0	0	0	0	0	0	0	0	0	1	0
RSC30	S000001098	RSC30_YEAST;YHL4_YEAST	0	0	1	0	0	0	0	0	0	0	0	0	0	1	0	0	0
NHP2	S000002367	NHP2_YEAST	0	0	56	9	8	8	0	0	7	7	0	0	5	46	0	12	8
SRP14	S000002250	SRP14_YEAST	0	0	21	0	0	0	0	0	0	0	0	0	0	29	0	0	0
MPD1	S000005814	MPD1_YEAST	0	0	3	0	0	0	0	0	0	0	0	0	0	17	0	0	0
SSF1	S000001108	SSF1_YEAST	0	0	73	4	0	0	2	0	4	2	0	3	2	122	0	1	2
SSF2	S000002720	SSF2_YEAST	0	0	73	2	0	0	0	0	1	0	0	3	0	120	0	1	1
OLA1	S000000229	OLA1_YEAST	0	0	1	0	0	0	0	5	2	0	0	0	0	0	0	3	0
BAT1	S000001251	BCA1_YEAST	0	0	1	0	0	0	0	4	1	0	0	0	0	0	0	0	0
GRX2	S000002921	GLRX2_YEAST	0	0	2	0	0	0	0	0	2	0	0	0	0	0	0	1	0
VMA13	S000006240	VATH_YEAST	0	0	1	0	0	0	0	0	1	0	0	0	0	0	0	1	0
ESF1	S000002773	ESF1_YEAST	0	0	5	2	0	0	2	0	12	4	3	9	6	14	5	15	1
JIP5	S000006373	JIP5_YEAST	0	0	0	1	0	0	0	0	1	0	0	1	1	0	1	0	2
RPF2	S000001789	RPF2_YEAST	0	0	0	3	0	0	0	0	2	3	0	1	3	0	0	8	0
PUF3	S000003936	PUF3_YEAST	0	0	0	1	0	0	0	0	2	1	0	1	0	0	0	3	2
NOP9	S000003547	NOP9_YEAST	0	0	0	9	1	0	0	0	12	6	0	11	11	0	10	18	11
NOP8	S000005504	NOP8_YEAST	0	0	0	13	17	14	13	0	25	14	10	30	21	0	29	50	17
NOP2	S000005005	NOP2_YEAST	0	0	0	1	0	0	0	0	5	2	0	3	3	0	5	7	4
NOP4	S000005964	NOP4_YEAST	0	0	0	11	4	0	0	0	22	6	6	18	11	0	13	19	11
KRR1	S000000564	KRR1_YEAST	0	0	0	4	1	0	0	0	10	4	1	16	13	0	11	17	5
PPN1	S000002860	PPN1_YEAST	0	0	0	2	0	0	0	0	0	1	0	0	5	0	0	0	3
UTP22	S000003322	UTP22_YEAST	0	0	0	6	4	3	2	0	34	5	3	25	15	3	12	30	9
UTP23	S000005530	UTP23_YEAST	0	0	0	2	0	0	0	0	2	1	0	3	2	3	1	5	3
UTP21	S000004401	UTP21_YEAST	0	0	0	3	1	0	0	0	6	5	1	16	7	0	10	14	5
RRP12	S000005933	RRP12_YEAST	0	0	0	8	4	0	0	0	29	3	0	24	11	0	14	25	15
CDC33	S000005499	IF4E_YEAST	0	0	0	1	2	4	0	0	11	0	0	1	2	0	0	7	2
BUD22	S000004616	BUD22_YEAST	0	0	0	2	2	0	0	0	5	3	0	6	5	0	1	6	2
BUD21	S000005604	BUD21_YEAST	0	0	0	4	5	2	4	0	10	3	4	5	4	0	6	12	5
HCR1	S000004182	EIF3J_YEAST	0	0	0	2	0	0	0	0	0	0	0	0	0	0	0	2	1
sp|K1H8_HUMAN|	-	-	0	0	0	1	0	0	0	0	1	1	0	0	1	0	0	1	0
NSR1	S000003391	NSR1_YEAST	0	0	0	29	23	20	11	0	51	17	11	41	28	2	37	54	27
POL5	S000000781	DPO5_YEAST	0	0	0	1	0	0	0	0	7	1	0	3	3	0	3	6	3
POL2	S000005206	DPOE_YEAST	0	0	0	1	0	0	0	0	4	0	0	0	0	0	0	3	1
YCR016W	S000000609	YCQ6_YEAST	0	0	0	4	1	0	0	0	11	3	1	12	5	0	7	8	5
PUF6	S000002904	PUF6_YEAST	0	0	0	5	0	0	0	0	16	5	0	10	6	0	9	20	6
DBP8	S000001212	DBP8_YEAST	0	0	0	1	0	0	0	0	2	0	0	0	3	0	0	1	1
DBP6	S000005321	DBP6_YEAST	0	0	0	6	5	5	3	0	36	6	3	19	12	0	16	36	9
LCP5	S000000929	LCP5_YEAST	0	0	0	1	0	0	0	0	5	1	0	2	0	0	2	3	3
SRP40	S000001800	SRP40_YEAST	0	0	0	9	11	2	6	0	19	9	7	16	15	0	10	13	7
YHR097C	S000001139	YHP7_YEAST	0	0	0	1	0	0	2	0	5	0	0	0	0	1	0	0	0
SAS10	S000002312	SAS10_YEAST	0	0	0	3	2	0	0	0	14	4	5	21	12	0	20	18	10
sp|K1HB_HUMAN|	-	-	0	0	0	1	0	0	0	0	1	1	0	0	1	0	0	1	0
sp|K1H7_HUMAN|	-	-	0	0	0	1	0	0	0	0	1	1	0	0	1	0	0	1	0
URB2	S000003802	URB2_YEAST	0	0	0	10	14	8	0	0	43	7	2	33	8	0	17	38	15
IMP3	S000001191	IMP3_YEAST	0	0	0	2	0	0	0	0	5	2	0	7	4	1	3	6	5
IMP4	S000005019	IMP4_YEAST	0	0	0	3	1	0	0	0	7	1	0	8	3	0	3	6	2
SCD6	S000006333	SCD6_YEAST	0	0	0	1	1	1	4	0	41	0	0	7	1	0	7	30	2
BEM2	S000000957	BEM2_YEAST	0	0	0	3	1	0	0	0	22	1	0	0	1	5	2	27	6
TIF3	S000006367	IF4B_YEAST	0	0	0	2	1	0	0	0	6	0	1	0	0	0	0	11	0
FCF2	S000004041	FCF2_YEAST	0	0	0	1	2	0	0	0	5	0	1	2	1	0	0	1	3
MRH1	S000002440	MRH1_YEAST	0	0	0	1	0	0	0	0	4	0	0	1	1	0	0	3	0
ENP1	S000000451	ENP1_YEAST	0	0	0	1	0	0	0	0	3	2	0	0	1	0	1	4	0
ENP2	S000003377	NOL10_YEAST	0	0	0	3	2	0	0	0	5	1	0	2	4	0	2	11	1
SOF1	S000003934	DCA13_YEAST	0	0	0	6	0	0	0	0	12	4	0	12	20	0	11	14	3
sp|K1H1_HUMAN|	-	-	0	0	0	1	0	0	0	0	1	1	0	0	1	0	0	1	0
BET3	S000001776	BET3_YEAST	0	0	0	1	0	0	0	0	0	0	0	0	0	0	0	1	0
UTP11	S000001582	UTP11_YEAST	0	0	0	2	1	0	0	0	6	2	1	5	3	0	7	9	2
UTP13	S000004212	UTP13_YEAST	0	0	0	9	4	0	0	0	23	6	3	19	12	0	15	26	11
UTP10	S000003645	UTP10_YEAST	0	0	0	16	11	0	0	0	51	13	4	49	21	0	37	56	21
UTP15	S000004699	UTP15_YEAST	0	0	0	5	0	0	0	0	17	4	0	8	11	1	8	22	8
UTP14	S000004558	UTP14_YEAST	0	0	0	2	0	0	0	0	12	4	3	11	5	0	6	9	6
UTP18	S000003605	UTP18_YEAST	0	0	0	1	1	0	0	0	4	1	1	4	4	0	4	7	4
RRS1	S000005820	RRS1_YEAST	0	0	0	1	0	0	0	0	3	2	2	2	2	0	2	2	3
RCL1	S000005370	RCL1_YEAST	0	0	0	1	0	0	0	0	1	2	0	3	2	1	4	5	2
RPA135	S000006214	RPA2_YEAST	0	0	0	11	7	0	4	0	37	5	3	23	8	0	12	53	8
NOP6	S000002372	NOP6_YEAST	0	0	0	2	0	0	0	0	16	1	0	3	3	0	2	15	3
RPA14	S000002563	RPA14_YEAST	0	0	0	1	0	0	0	0	0	0	0	0	1	0	0	3	0
RPC19	S000005057	RPAC2_YEAST	0	0	0	1	0	0	0	0	4	1	0	3	1	0	2	9	1
MSS116	S000002602	MS116_YEAST	0	0	0	4	0	0	0	0	4	0	0	0	1	0	0	5	3
sp|K1H2_HUMAN|	-	-	0	0	0	1	0	0	0	0	1	1	0	0	1	0	0	1	0
RPC40	S000006314	RPAC1_YEAST	0	0	0	3	3	0	0	0	10	2	0	6	2	0	4	16	3
LSM6	S000002786	LSM6_YEAST	0	0	0	1	0	0	2	0	7	1	1	0	0	0	0	4	1
LSM2	S000000122	LSM2_YEAST	0	0	0	1	0	0	0	0	3	0	0	0	0	0	0	3	2
NAN1	S000006047	UTP17_YEAST	0	0	0	7	8	0	2	0	31	7	4	23	15	0	16	31	13
MRD1	S000006316	MRD1_YEAST	0	0	0	3	1	0	0	0	10	5	0	1	6	0	3	13	10
IST2	S000000290	IST2_YEAST	0	0	0	2	0	0	1	0	10	1	0	0	4	0	1	7	0
sp|K1H5_HUMAN|	-	-	0	0	0	1	0	0	0	0	1	1	0	0	1	0	0	1	0
SOG2	S000005880	SOG2_YEAST	0	0	0	1	0	0	0	0	0	0	0	0	0	0	0	0	0
YTM1	S000005798	YTM1_YEAST	0	0	0	3	1	0	0	0	17	6	0	9	6	0	12	16	2
IDH2	S000005662	IDH2_YEAST	0	0	0	1	0	0	0	1	21	0	0	1	0	0	0	23	0
URA7	S000000135	URA7_YEAST	0	0	0	2	4	0	2	0	28	6	12	0	3	0	0	56	2
RRP1	S000002494	RRP1_YEAST	0	0	0	1	0	0	0	0	7	1	0	4	1	0	2	5	1
RRP3	S000001107	RRP3_YEAST	0	0	0	1	0	2	0	0	3	0	0	0	2	0	0	4	1
RRP9	S000006341	RRP9_YEAST	0	0	0	3	5	0	2	0	11	5	3	10	6	0	5	8	5
NOG1	S000006014	NOG1_YEAST	0	0	0	3	3	3	4	0	8	4	2	2	3	1	1	15	2
NOP13	S000005119	NOP13_YEAST	0	0	0	7	2	0	0	0	26	4	5	13	5	0	9	15	8
NOP12	S000005401	NOP12_YEAST	0	0	0	4	4	0	0	0	32	3	5	10	9	0	11	24	9
NOP14	S000002307	NOP14_YEAST	0	0	0	1	2	0	0	0	12	3	1	5	4	0	3	12	4
NOP16	S000000804	NOP16_YEAST	0	0	0	2	0	0	0	0	2	1	2	2	4	0	3	1	2
GBP2	S000000517	GBP2_YEAST	0	0	0	2	1	0	3	0	11	6	1	3	2	0	0	10	4
PWP2	S000000653	PWP2_YEAST	0	0	0	3	0	0	0	0	17	6	0	14	9	0	15	27	6
KRE33	S000005076	KRE33_YEAST	0	0	0	10	1	0	2	0	21	4	2	27	16	0	16	27	11
YGR283C	S000003515	YG5X_YEAST	0	0	0	3	0	0	0	0	6	2	0	6	3	0	3	7	3
NMA1	S000004320	NMA1_YEAST	0	0	0	4	1	2	0	0	7	2	0	0	3	0	0	5	3
NMA2	S000003242	NMA2_YEAST	0	0	0	2	1	0	0	0	1	0	0	0	1	0	0	0	1
RSA3	S000004211	RSA3_YEAST	0	0	0	3	0	2	2	0	15	1	1	9	3	0	3	12	3
ARD1	S000001055	ARD1_YEAST	0	0	0	1	2	2	0	0	1	0	0	0	0	0	0	2	1
EBP2	S000001655	EBP2_YEAST	0	0	0	3	1	0	0	0	12	1	0	9	3	3	4	18	2
sp|K1M1_SHEEP|	-	-	0	0	0	1	0	0	0	0	1	1	0	0	1	0	0	1	0
EFG1	S000007608	EFG1P_YEAST	0	0	0	3	0	0	0	0	13	3	4	11	6	0	9	7	3
VIP1	S000004402	VIP1_YEAST	0	0	0	1	0	0	0	0	0	0	0	0	0	0	0	0	1
LHP1	S000002209	LHP1_YEAST	0	0	0	1	0	0	0	0	4	0	0	7	2	0	4	3	3
sp|K1H6_HUMAN|	-	-	0	0	0	1	0	0	0	0	1	1	0	0	1	0	0	1	0
NOC4	S000006348	NOC4_YEAST	0	0	0	1	1	0	0	0	4	1	0	4	1	0	1	2	0
RPS29A	S000004380	RS29A_YEAST	0	0	0	1	1	0	0	1	1	1	0	2	1	0	0	2	1
HCA4	S000003570	DBP4_YEAST	0	0	0	6	0	0	0	0	13	10	1	20	11	0	11	14	9
TIF4631	S000003394	IF4F1_YEAST	0	0	0	7	7	9	7	0	26	6	7	3	3	0	1	22	8
TIF4632	S000003017	IF4F2_YEAST	0	0	0	1	0	0	2	0	5	0	2	0	0	0	0	3	0
DRS1	S000003931	DRS1_YEAST	0	0	0	1	0	0	1	0	9	2	0	7	0	0	3	7	1
BRE1	S000002232	BRE1_YEAST	0	0	0	1	1	0	0	0	16	0	0	1	1	0	1	18	1
DIP2	S000004119	UTP12_YEAST	0	0	0	5	0	0	0	0	23	4	0	24	13	1	19	29	7
RPL42B	S000001183	RL44A_YEAST;RL44B_YEAST	0	0	0	1	0	0	1	0	1	0	0	2	0	1	0	1	1
RPL42A	S000005106	RL44A_YEAST;RL44B_YEAST	0	0	0	1	0	0	1	0	1	0	0	2	0	1	0	1	1
PSP2	S000004479	PSP2_YEAST	0	0	0	9	23	13	11	0	32	10	5	66	20	0	33	49	8
DHR2	S000001561	DHR2_YEAST	0	0	0	4	0	0	0	0	3	1	0	2	5	0	3	2	3
ECM14	S000001174	ECM14_YEAST	0	0	0	1	0	0	0	0	0	2	0	0	1	0	0	0	2
RPA43	S000005867	RPA43_YEAST	0	0	0	2	0	0	0	0	8	0	0	3	2	0	4	7	2
BFR2	S000002707	BFR2_YEAST	0	0	0	4	5	0	0	0	16	5	2	15	8	0	10	17	7
TGS1	S000006078	TGS1_YEAST	0	0	0	1	0	0	0	0	2	0	0	0	0	0	0	1	0
STO1	S000004732	NCBP1_YEAST	0	0	0	1	0	0	0	0	1	2	0	0	1	0	0	8	2
MAK16	S000000023	MAK16_YEAST	0	0	0	2	0	0	0	0	3	0	2	7	0	0	4	2	2
UTP7	S000000884	UTP7_YEAST	0	0	0	4	4	0	1	0	5	5	5	12	9	0	13	10	7
UTP6	S000002857	UTP6_YEAST	0	0	0	3	1	0	0	0	16	6	1	17	10	0	13	24	4
UTP5	S000002806	UTP5_YEAST	0	0	0	1	4	0	0	0	5	1	0	9	3	0	7	7	2
UTP4	S000002732	UTP4_YEAST	0	0	0	8	6	0	1	0	15	5	5	16	11	0	11	23	8
UTP9	S000001239	UTP9_YEAST	0	0	0	3	0	0	0	0	23	1	0	16	8	0	9	35	7
UTP8	S000003360	UTP8_YEAST	0	0	0	5	3	0	0	0	14	7	4	22	9	0	12	15	9
RIX7	S000003957	RIX7_YEAST	0	0	0	9	12	6	3	0	153	4	0	23	1	0	23	127	9
CMS1	S000003993	CMS1_YEAST	0	0	0	2	0	0	0	0	2	2	0	5	1	0	0	8	2
TMA23	S000004882	TMA23_YEAST	0	0	0	2	2	0	1	0	4	2	1	2	5	0	5	3	3
ESF2	S000005337	ESF2_YEAST	0	0	0	2	0	0	0	0	5	1	0	3	5	0	0	5	3
RLP7	S000004947	RLP7_YEAST	0	0	0	4	1	0	0	0	12	2	0	8	5	0	5	16	1
GDE1	S000006031	GDE1_YEAST	0	0	0	1	1	0	0	0	1	7	0	2	3	0	0	4	3
EMG1	S000004176	NEP1_YEAST	0	0	0	1	0	0	0	0	3	0	0	7	1	0	4	6	2
DIG1	S000005970	DIG1_YEAST	0	0	0	0	2	0	0	0	0	0	0	0	0	0	0	4	0
SUP45	S000000347	ERF1_YEAST	0	0	0	0	3	2	1	0	8	1	2	0	0	0	0	21	0
PMD1	S000000934	PMD1_YEAST	0	0	0	0	2	0	0	0	4	0	0	0	0	0	0	3	0
UTP20	S000000100	UTP20_YEAST	0	0	0	0	2	0	0	0	21	4	0	6	4	0	8	19	8
NHP6A	S000006256	NHP6A_YEAST	0	0	0	0	2	0	0	0	2	0	0	0	1	0	0	1	0
GLT1	S000002330	GLT1_YEAST	0	0	0	0	2	1	0	0	8	0	0	0	0	0	0	8	0
CDC31	S000005783	CDC31_YEAST	0	0	0	0	3	3	0	0	75	1	2	0	0	0	0	81	0
MOB2	S000001859	MOB2_YEAST	0	0	0	0	2	1	0	0	13	0	0	7	1	0	2	12	0
YSC84	S000001058	YSC84_YEAST	0	0	0	0	2	3	1	0	7	1	0	0	0	0	1	3	0
LSB1	S000003368	LSB1_YEAST	0	0	0	0	2	2	0	0	14	0	0	0	0	0	0	18	0
LSB3	S000002968	LSB3_YEAST	0	0	0	0	1	2	1	0	12	2	0	0	0	0	1	10	0
DBP5	S000005572	DBP5_YEAST	0	0	0	0	1	1	0	0	2	0	0	0	1	0	2	8	0
YDR348C	S000002756	PAL1_YEAST	0	0	0	0	5	2	0	0	5	0	1	0	0	0	1	6	0
SPT3	S000002800	SPT3_YEAST	0	0	0	0	1	0	0	0	1	0	0	0	0	0	0	1	0
SUB2	S000002242	SUB2_YEAST	0	0	0	0	6	2	2	1	16	2	2	0	1	0	0	33	0
RNQ1	S000000533	RNQ1_YEAST	0	0	0	0	1	1	0	0	14	0	0	0	0	0	0	12	0
ERV25	S000004473	TMEDA_YEAST	0	0	0	0	2	0	0	0	2	0	0	0	0	0	0	1	0
TMA46	S000005617	TMA46_YEAST	0	0	0	0	1	0	0	0	1	0	0	0	0	0	0	1	0
SSD1	S000002701	SSD1_YEAST	0	0	0	0	1	0	0	0	9	1	0	1	2	0	0	4	2
ESC1	S000004832	ESC1_YEAST	0	0	0	0	13	21	0	0	18	0	3	0	1	0	0	20	0
RSP5	S000000927	RSP5_YEAST	0	0	0	0	2	3	0	0	34	0	0	1	0	0	0	22	0
TCB3	S000004537	TCB3_YEAST	0	0	0	0	2	2	0	0	2	0	0	0	1	0	0	2	0
TGL1	S000001623	TGL1_YEAST	0	0	0	0	1	0	0	0	0	0	0	1	0	0	0	0	0
ICS2	S000000361	ICS2_YEAST	0	0	0	0	2	2	2	0	6	0	0	2	0	0	1	0	0
CDC14	S000001924	CDC14_YEAST	0	0	0	0	1	0	0	0	0	0	0	0	0	0	0	2	0
MRPL1	S000002523	RM01_YEAST	0	0	0	0	1	0	1	0	1	0	1	0	0	0	0	0	1
YMR295C	S000004910	YM8V_YEAST	0	0	0	0	1	0	0	0	6	0	0	0	0	0	0	9	0
SCS2	S000000922	SCS2_YEAST	0	0	0	0	2	0	0	0	8	1	0	4	3	0	1	11	1
RRP36	S000005813	RRP36_YEAST	0	0	0	0	1	0	0	0	1	0	0	1	1	0	0	2	0
VMA5	S000001563	VATC_YEAST	0	0	0	0	2	0	0	0	4	1	0	0	0	0	0	16	0
RVS167	S000002796	RV167_YEAST	0	0	0	0	3	1	0	0	8	0	0	0	0	0	2	17	0
NET1	S000003612	NET1_YEAST	0	0	0	0	4	2	0	0	1	0	1	0	0	0	0	1	0
MFM1	S000005981	MFM1_YEAST	0	0	0	0	1	0	0	0	0	0	0	0	0	0	0	0	0
STU2	S000004035	STU2_YEAST	0	0	0	0	1	2	0	0	0	0	0	0	0	0	0	0	0
MDM10	S000000008	MDM10_YEAST	0	0	0	0	1	0	0	0	0	0	0	0	1	0	0	0	0
SPC29	S000006045	SPC29_YEAST	0	0	0	0	1	0	0	0	1	0	0	7	0	0	3	0	0
CPS1	S000003708	CBPS_YEAST	0	0	0	0	3	7	1	0	5	0	0	0	0	0	0	4	0
KIN2	S000004086	KIN2_YEAST	0	0	0	0	2	0	0	0	3	0	0	0	0	0	0	2	0
YMR124W	S000004731	YM11_YEAST	0	0	0	0	4	1	0	0	3	0	0	0	0	0	0	11	0
KIN1	S000002529	KIN1_YEAST	0	0	0	0	1	0	0	0	0	0	0	0	0	0	1	0	0
NUP157	S000000907	NU157_YEAST	0	0	0	0	2	0	0	0	0	0	1	0	0	0	0	2	0
ZPS1	S000005514	ZPS1_YEAST	0	0	0	0	1	0	0	0	0	0	0	0	0	0	0	0	0
SLA1	S000000103	SLA1_YEAST	0	0	0	0	1	0	0	0	8	0	0	0	0	0	0	4	0
LEU2	S000000523	LEU3_YEAST	0	0	0	0	4	5	1	0	0	0	0	0	0	0	0	0	0
PIL1	S000003318	PIL1_YEAST	0	0	0	0	0	2	1	1	4	0	1	0	3	0	0	1	0
MTC5	S000002535	WDR59_YEAST	0	0	0	0	0	1	0	0	0	0	0	0	0	0	0	1	0
TIF6	S000006220	IF6_YEAST	0	0	0	0	0	2	0	0	3	1	0	3	2	0	2	6	1
SUA7	S000006290	TF2B_YEAST	0	0	0	0	0	1	0	0	2	0	0	0	0	0	0	1	0
SPC25	S000000820	SPC25_YEAST	0	0	0	0	0	2	0	0	0	0	1	0	0	0	0	0	0
SEH1	S000003068	SEH1_YEAST	0	0	0	0	0	1	0	0	0	0	0	0	0	0	0	1	1
SLM1	S000001367	SLM1_YEAST	0	0	0	0	0	1	0	0	0	0	0	0	0	0	0	0	0
TUB3	S000004593	TBA3_YEAST	0	0	0	0	0	1	0	2	18	0	0	0	0	0	0	27	0
TUB1	S000004550	TBA1_YEAST	0	0	0	0	0	1	0	2	28	0	0	0	0	0	0	35	0
ARX1	S000002508	ARX1_YEAST	0	0	0	0	0	1	0	0	0	0	0	0	0	0	0	0	0
SCJ1	S000004827	SCJ1_YEAST	0	0	0	0	0	2	0	0	1	0	0	0	0	0	1	1	0
ACS2	S000004143	ACS2_YEAST	0	0	0	0	0	2	0	0	1	0	0	0	0	0	0	1	0
EDE1	S000000143	EDE1_YEAST	0	0	0	0	0	1	0	0	0	0	0	0	0	0	0	0	0
KSP1	S000001124	KSP1_YEAST	0	0	0	0	0	1	0	0	0	0	0	1	0	0	0	1	0
APA1	S000000555	APA1_YEAST	0	0	0	0	0	1	0	0	0	0	0	0	0	0	0	0	0
UFD2	S000002349	UFD2_YEAST	0	0	0	0	0	1	0	0	0	0	0	0	0	0	0	1	0
RTS3	S000003393	RTS3_YEAST	0	0	0	0	0	1	0	0	0	0	0	0	0	0	0	0	0
GPD2	S000005420	GPD2_YEAST	0	0	0	0	0	1	0	0	1	0	0	1	1	0	0	1	0
SNF1	S000002885	SNF1_YEAST	0	0	0	0	0	2	0	0	0	0	0	0	0	0	0	0	0
GCN2	S000002691	GCN2_YEAST	0	0	0	0	0	2	0	0	0	0	0	0	0	0	0	0	0
SCO1	S000000241	SCO1_YEAST	0	0	0	0	0	0	1	0	0	1	0	0	0	0	0	0	0
HRB1	S000004949	HRB1_YEAST	0	0	0	0	0	0	2	0	1	0	2	0	1	0	0	1	1
SHM1	S000000467	GLYM_YEAST	0	0	0	0	0	0	1	0	1	0	0	0	0	0	0	1	0
YRA2	S000001697	YRA2_YEAST	0	0	0	0	0	0	2	0	1	1	0	0	1	0	0	0	1
BRE5	S000005334	BRE5_YEAST	0	0	0	0	0	0	1	0	1	0	0	0	0	0	0	0	0
YDR537C	S000002945	YD537_YEAST	0	0	0	0	0	0	1	0	0	0	1	0	0	0	0	0	0
NHP6B	S000002157	NHP6B_YEAST	0	0	0	0	0	0	2	0	1	0	0	0	0	0	0	0	0
LGE1	S000005976	LGE1_YEAST	0	0	0	0	0	0	1	2	1	1	0	0	0	0	0	2	1
YNL010W	S000004955	YNB0_YEAST	0	0	0	0	0	0	0	1	0	0	0	0	0	0	0	0	0
SER1	S000005710	SERC_YEAST	0	0	0	0	0	0	0	1	0	0	0	0	0	0	0	0	0
HMI1	S000005455	HMI1_YEAST	0	0	0	0	0	0	0	1	0	0	0	0	0	0	0	0	0
RTN1	S000002641	RTN1_YEAST	0	0	0	0	0	0	0	2	3	0	0	0	0	0	0	3	0
GUK1	S000002862	KGUA_YEAST	0	0	0	0	0	0	0	1	6	0	0	0	0	0	0	0	0
sp|ALBU_BOVIN|	-	-	0	0	0	0	0	0	0	6	0	0	0	0	0	0	0	0	0
TIF5	S000006245	IF5_YEAST	0	0	0	0	0	0	0	1	0	0	0	0	0	0	0	3	0
YMR027W	S000004629	YMR7_YEAST	0	0	0	0	0	0	0	1	0	0	0	0	0	0	0	0	0
SRV2	S000005082	CAP_YEAST	0	0	0	0	0	0	0	3	4	0	0	0	0	0	0	4	0
HXK1	S000001949	HXKA_YEAST	0	0	0	0	0	0	0	3	0	0	0	0	0	0	0	0	0
PAA1	S000002478	PAA1_YEAST	0	0	0	0	0	0	0	1	2	0	0	0	0	0	0	2	0
YDR366C	S000002774	YD366_YEAST	0	0	0	0	0	0	0	3	0	0	0	0	0	0	0	0	0
REV3	S000006088	DPOZ_YEAST	0	0	0	0	0	0	0	6	0	0	0	0	0	0	0	0	0
SSN8	S000004970	SSN8_YEAST	0	0	0	0	0	0	0	1	0	0	0	0	0	0	0	0	0
HSP10	S000005546	CH10_YEAST	0	0	0	0	0	0	0	4	2	0	0	0	0	0	0	0	0
RBS1	S000002348	RBS1_YEAST	0	0	0	0	0	0	0	1	0	0	0	0	0	0	0	1	0
sp|TRY1_BOVIN|	-	-	0	0	0	0	0	0	0	2	0	0	0	0	0	0	0	0	0
BRR2	S000000974	BRR2_YEAST	0	0	0	0	0	0	0	1	0	0	0	0	0	0	0	0	0
SMY2	S000000376	SMY2_YEAST	0	0	0	0	0	0	0	2	0	0	0	0	0	0	0	0	0
GLN1	S000006239	GLNA_YEAST	0	0	0	0	0	0	0	1	0	0	0	0	0	0	0	0	0
SAC6	S000002536	FIMB_YEAST	0	0	0	0	0	0	0	1	5	0	0	0	0	0	0	3	0
SRP54	S000006292	SRP54_YEAST	0	0	0	0	0	0	0	1	0	0	0	0	0	0	0	2	0
ERG10	S000005949	THIL_YEAST	0	0	0	0	0	0	0	1	2	0	0	0	0	0	0	0	0
MKT1	S000005029	MKT1_YEAST	0	0	0	0	0	0	0	0	2	0	0	0	0	0	0	5	0
PST2	S000002439	PST2_YEAST	0	0	0	0	0	0	0	0	1	0	0	0	0	0	0	0	0
ITR1	S000002905	ITR1_YEAST	0	0	0	0	0	0	0	0	2	0	0	0	0	0	0	3	0
SET3	S000001737	SET3_YEAST	0	0	0	0	0	0	0	0	1	0	0	0	0	0	0	0	0
ABP1	S000000684	ABP1_YEAST	0	0	0	0	0	0	0	0	1	0	0	0	0	0	0	1	0
STT3	S000002990	STT3_YEAST	0	0	0	0	0	0	0	0	1	0	0	0	0	0	0	1	0
RNR2	S000003563	RIR2_YEAST	0	0	0	0	0	0	0	0	1	0	0	0	0	0	0	1	0
YDR261W-B	S000007397	YD23B_YEAST	0	0	0	0	0	0	0	0	7	0	0	0	0	0	0	10	2
RAS2	S000005042	RAS2_YEAST	0	0	0	0	0	0	0	0	1	0	0	0	0	0	0	0	0
ECM33	S000000282	ECM33_YEAST	0	0	0	0	0	0	0	0	1	0	0	0	0	0	0	1	0
VPS4	S000006377	VPS4_YEAST	0	0	0	0	0	0	0	0	1	0	0	0	0	0	0	0	0
END3	S000005028	END3_YEAST	0	0	0	0	0	0	0	0	3	0	0	0	0	0	0	0	0
YLR352W	S000004344	YL352_YEAST	0	0	0	0	0	0	0	0	1	1	0	0	0	0	0	0	0
TYW1	S000006128	TYW1_YEAST	0	0	0	0	0	0	0	0	1	0	0	0	0	0	0	3	0
DYS1	S000001110	DHYS_YEAST	0	0	0	0	0	0	0	0	1	0	0	0	0	0	0	0	0
PYC2	S000000422	PYC2_YEAST	0	0	0	0	0	0	0	0	1	0	0	0	0	0	0	2	0
YPK1	S000001609	YPK1_YEAST	0	0	0	0	0	0	0	0	4	0	0	0	0	0	0	3	0
RPO26	S000006391	RPAB2_YEAST	0	0	0	0	0	0	0	0	2	0	0	1	0	0	1	2	0
MEI4	S000001954	MEI4_YEAST	0	0	0	0	0	0	0	0	1	0	0	0	0	0	0	0	0
YCL019W	S000000524	YC21B_YEAST	0	0	0	0	0	0	0	0	8	0	0	1	0	0	0	13	2
RPT2	S000002165	PRS4_YEAST	0	0	0	0	0	0	0	0	4	0	0	0	0	0	0	16	0
NAP1	S000001756	NAP1_YEAST	0	0	0	0	0	0	0	0	1	0	0	0	0	0	0	3	0
RPT1	S000001628	PRS7_YEAST	0	0	0	0	0	0	0	0	12	0	0	0	0	0	0	23	0
ATP3	S000000243	ATPG_YEAST	0	0	0	0	0	0	0	0	2	0	0	0	0	0	0	2	0
ATP1	S000000195	ATPA_YEAST	0	0	0	0	0	0	0	0	11	0	0	0	0	0	0	22	0
RET3	S000005931	COPZ_YEAST	0	0	0	0	0	0	0	0	1	0	0	0	0	0	0	2	0
RET1	S000005733	RPC2_YEAST	0	0	0	0	0	0	0	0	1	0	0	0	0	0	0	1	0
ARP9	S000004636	ARP9_YEAST	0	0	0	0	0	0	0	0	1	0	0	0	0	0	0	3	0
PRE10	S000005889	PSA3_YEAST	0	0	0	0	0	0	0	0	4	0	0	0	0	0	0	5	0
SYP1	S000000626	SYP1_YEAST	0	0	0	0	0	0	0	0	1	0	0	0	0	0	0	0	0
RBG1	S000000034	RBG1_YEAST	0	0	0	0	0	0	0	0	1	0	0	0	1	0	0	2	1
ERV14	S000003022	ERV14_YEAST	0	0	0	0	0	0	0	0	1	0	0	0	0	0	0	2	0
UBC5	S000002466	UBC5_YEAST	0	0	0	0	0	0	0	0	2	0	0	0	0	0	0	1	0
ACE2	S000004121	ACE2_YEAST	0	0	0	0	0	0	0	0	1	0	0	0	0	0	0	0	0
BUL1	S000004888	BUL1_YEAST	0	0	0	0	0	0	0	0	1	0	0	0	0	0	0	1	0
VPH1	S000005796	VPH1_YEAST	0	0	0	0	0	0	0	0	1	0	0	0	0	0	0	0	0
EDC3	S000000741	EDC3_YEAST	0	0	0	0	0	0	0	0	9	0	0	0	0	0	0	2	0
RPC10	S000001185	RPAB4_YEAST	0	0	0	0	0	0	0	0	1	0	1	1	0	0	0	4	0
ERV46	S000000040	ERV46_YEAST	0	0	0	0	0	0	0	0	1	0	0	0	0	0	0	0	0
SLA2	S000005187	SLA2_YEAST	0	0	0	0	0	0	0	0	16	0	0	1	0	0	0	6	0
CHS1	S000005136	CHS1_YEAST	0	0	0	0	0	0	0	0	1	0	0	0	0	0	0	8	0
RIM1	S000007222	RIM1_YEAST	0	0	0	0	0	0	0	0	1	0	0	0	0	0	0	1	0
CCT6	S000002596	TCPZ_YEAST	0	0	0	0	0	0	0	0	1	0	0	0	0	0	0	9	0
CCT5	S000003825	TCPE_YEAST	0	0	0	0	0	0	0	0	3	0	0	0	0	0	0	2	0
EXG1	S000004291	EXG1_YEAST	0	0	0	0	0	0	0	0	7	0	0	0	0	0	0	1	0
YOR318C	S000005845	YO318_YEAST	0	0	0	0	0	0	0	0	1	0	0	0	0	0	0	0	0
CPR6	S000004206	PPID_YEAST	0	0	0	0	0	0	0	0	5	0	0	0	0	0	0	10	0
ARO1	S000002534	ARO1_YEAST	0	0	0	0	0	0	0	0	5	1	0	0	0	0	0	8	0
ARO4	S000000453	AROG_YEAST	0	0	0	0	0	0	0	0	1	0	0	0	0	0	0	0	0
RPM2	S000004556	RPM2_YEAST	0	0	0	0	0	0	0	0	1	0	0	0	0	0	0	0	0
YET1	S000001548	YET1_YEAST	0	0	0	0	0	0	0	0	1	0	0	0	0	0	0	0	0
DBF20	S000006315	DBF20_YEAST	0	0	0	0	0	0	0	0	1	0	0	0	0	0	0	0	0
YBR225W	S000000429	YB75_YEAST	0	0	0	0	0	0	0	0	1	0	0	0	0	0	0	2	0
HSP104	S000003949	HS104_YEAST	0	0	0	0	0	0	0	0	4	0	0	0	0	0	0	3	0
YRO2	S000000258	YRO2_YEAST	0	0	0	0	0	0	0	0	2	0	0	0	0	0	0	0	1
NAB3	S000006111	NAB3_YEAST	0	0	0	0	0	0	0	0	1	0	0	0	0	0	0	5	0
NAB2	S000003090	NAB2_YEAST	0	0	0	0	0	0	0	0	1	0	0	0	0	0	0	0	0
CBK1	S000005105	CBK1_YEAST	0	0	0	0	0	0	0	0	12	0	0	3	0	0	3	13	0
AHA1	S000002622	AHA1_YEAST	0	0	0	0	0	0	0	0	6	0	0	0	1	0	0	10	0
CDC6	S000003730	CDC6_YEAST	0	0	0	0	0	0	0	0	1	0	0	0	0	0	0	1	0
CDC39	S000000689	NOT1_YEAST	0	0	0	0	0	0	0	0	4	0	0	0	0	0	0	13	0
SPC105	S000003061	SP105_YEAST	0	0	0	0	0	0	0	0	1	0	0	0	0	0	0	0	0
SCH9	S000001248	SCH9_YEAST	0	0	0	0	0	0	0	0	1	0	0	0	0	0	0	1	0
CLA4	S000005242	CLA4_YEAST	0	0	0	0	0	0	0	0	1	0	0	0	0	0	0	1	0
RNR1	S000000872	RIR1_YEAST	0	0	0	0	0	0	0	0	3	0	0	0	0	0	0	2	0
SSL1	S000003995	SSL1_YEAST	0	0	0	0	0	0	0	0	1	0	0	0	0	0	0	0	0
POL1	S000005046	DPOA_YEAST	0	0	0	0	0	0	0	0	1	0	0	0	0	0	0	0	0
RLP24	S000003999	RLP24_YEAST	0	0	0	0	0	0	0	0	1	0	0	2	1	0	0	1	1
HOM6	S000003900	DHOM_YEAST	0	0	0	0	0	0	0	0	6	0	0	0	0	0	0	1	0
PIN3	S000006358	PIN3_YEAST	0	0	0	0	0	0	0	0	8	0	0	0	0	0	0	8	0
POG1	S000001384	POG1_YEAST	0	0	0	0	0	0	0	0	3	0	0	3	0	0	1	2	0
IME2	S000003642	IME2_YEAST	0	0	0	0	0	0	0	0	1	0	0	0	0	0	0	1	0
MRH4	S000003032	MRH4_YEAST	0	0	0	0	0	0	0	0	1	0	0	0	0	0	0	1	0
GNP1	S000002916	GNP1_YEAST	0	0	0	0	0	0	0	0	1	0	0	0	0	0	0	1	0
YMR279C	S000004892	YM8M_YEAST	0	0	0	0	0	0	0	0	1	0	0	0	0	0	0	0	0
ILV6	S000000515	ILV6_YEAST	0	0	0	0	0	0	0	0	1	0	0	0	0	0	0	1	0
ILV1	S000000888	THDH_YEAST	0	0	0	0	0	0	0	0	6	0	0	0	0	0	0	8	0
AXL1	S000006326	AXL1_YEAST	0	0	0	0	0	0	0	0	1	0	0	0	0	0	0	1	0
KOG1	S000001229	KOG1_YEAST	0	0	0	0	0	0	0	0	1	0	0	0	0	0	0	3	0
PBP4	S000002211	PBP4_YEAST	0	0	0	0	0	0	0	0	3	0	0	0	1	0	0	7	0
RDH54	S000000277	RDH54_YEAST	0	0	0	0	0	0	0	0	1	1	0	0	0	0	0	1	0
STE2	S000001868	STE2_YEAST;STE2_YEASX	0	0	0	0	0	0	0	0	4	0	0	0	0	0	0	7	0
MOT2	S000000870	NOT4_YEAST	0	0	0	0	0	0	0	0	1	0	0	0	0	0	0	3	0
MOT3	S000004674	MOT3_YEAST	0	0	0	0	0	0	0	0	2	0	0	0	0	0	0	3	0
SIF2	S000000307	SIF2_YEAST	0	0	0	0	0	0	0	0	1	0	0	0	0	0	0	1	0
VPS3	S000002903	VPS3_YEAST	0	0	0	0	0	0	0	0	1	0	0	0	0	0	0	0	0
MSY1	S000006018	SYYM_YEAST	0	0	0	0	0	0	0	0	1	0	0	0	0	0	0	0	0
RPN6	S000002255	RPN6_YEAST	0	0	0	0	0	0	0	0	2	0	0	0	0	0	0	4	0
PUP2	S000003485	PSA5_YEAST	0	0	0	0	0	0	0	0	1	0	0	0	0	0	0	3	0
MTR4	S000003586	MTR4_YEAST	0	0	0	0	0	0	0	0	2	0	0	1	0	0	0	3	0
RPN2	S000001337	RPN2_YEAST	0	0	0	0	0	0	0	0	6	0	0	0	0	0	0	10	0
OXP1	S000001698	OPLA_YEAST	0	0	0	0	0	0	0	0	1	0	0	0	0	0	0	0	0
RKR1	S000004861	LTN1_YEAST	0	0	0	0	0	0	0	0	1	0	0	0	0	0	0	0	0
MDJ1	S000001878	MDJ1_YEAST	0	0	0	0	0	0	0	0	4	0	0	0	0	0	0	2	0
HFA1	S000004820	HFA1_YEAST	0	0	0	0	0	0	0	0	2	0	0	0	0	0	0	3	0
SGV1	S000006365	BUR1_YEAST	0	0	0	0	0	0	0	0	1	0	0	1	0	0	2	3	0
ZRT1	S000003224	ZRT1_YEAST	0	0	0	0	0	0	0	0	1	0	0	0	0	0	0	0	0
SHE2	S000001613	SHE2_YEAST	0	0	0	0	0	0	0	0	1	0	0	0	0	0	0	0	0
ARP2	S000002187	ARP2_YEAST	0	0	0	0	0	0	0	0	1	0	0	0	0	0	0	2	0
SXM1	S000002803	SXM1_YEAST	0	0	0	0	0	0	0	0	2	0	0	0	0	0	0	3	0
IMP2	S000001416;S000004638	IMP2_YEAST;IMPX_YEAST	0	0	0	0	0	0	0	0	1	0	0	0	0	0	0	0	0
OPI7	S000002768	OPI7_YEAST	0	0	0	0	0	0	0	0	1	0	0	0	0	0	0	0	0
MOD5	S000005800	MOD5_YEAST	0	0	0	0	0	0	0	0	1	0	0	0	0	0	0	0	0
OPI3	S000003834	PEM2_YEAST	0	0	0	0	0	0	0	0	1	0	0	0	0	0	0	0	0
IDP3	S000004954	IDHH_YEAST	0	0	0	0	0	0	0	0	1	0	0	0	0	0	0	0	0
IDP1	S000002224	IDHP_YEAST	0	0	0	0	0	0	0	0	2	0	0	0	0	0	0	0	0
URA5	S000004574	PYRE_YEAST	0	0	0	0	0	0	0	0	1	0	0	0	0	0	0	0	0
RFC2	S000003829	RFC2_YEAST	0	0	0	0	0	0	0	0	2	0	0	0	0	0	0	4	0
PRM5	S000001379	PRM5_YEAST	0	0	0	0	0	0	0	0	1	0	0	0	0	0	0	0	0
AFG2	S000004389	AFG2_YEAST	0	0	0	0	0	0	0	0	2	1	0	0	0	0	0	3	0
DBF2	S000003324	DBF2_YEAST	0	0	0	0	0	0	0	0	4	0	0	0	0	0	0	1	0
TRA1	S000001141	TRA1_YEAST	0	0	0	0	0	0	0	0	2	0	0	0	0	0	0	4	0
UBC1	S000002584	UBC1_YEAST	0	0	0	0	0	0	0	0	1	0	0	0	0	0	0	1	0
ETT1	S000005577	ETT1_YEAST	0	0	0	0	0	0	0	0	2	0	0	0	0	0	0	4	0
YNR029C	S000005312	YN8H_YEAST	0	0	0	0	0	0	0	0	2	0	0	0	0	0	0	1	0
BOI1	S000000181	BOB1_YEAST	0	0	0	0	0	0	0	0	4	0	0	0	0	1	0	2	0
PRO3	S000000825	P5CR_YEAST	0	0	0	0	0	0	0	0	3	0	0	0	0	0	0	2	0
SGD1	S000004328	SGD1_YEAST	0	0	0	0	0	0	0	0	2	1	0	0	1	0	0	3	2
TIF11	S000004873	IF1A_YEAST	0	0	0	0	0	0	0	0	2	0	0	0	0	0	0	1	0
YDR222W	S000002630	YDR22_YEAST	0	0	0	0	0	0	0	0	1	0	0	0	0	0	0	0	0
YDR210W-B	S000007393	YD22B_YEAST;YL22B_YEAST	0	0	0	0	0	0	0	0	8	0	0	1	0	0	0	13	2
MUK1	S000005991	MUK1_YEAST	0	0	0	0	0	0	0	0	1	0	0	0	0	0	0	0	0
LRE1	S000000556	LRE1_YEAST	0	0	0	0	0	0	0	0	4	0	0	7	0	0	1	2	0
YNL134C	S000005078	YNN4_YEAST	0	0	0	0	0	0	0	0	1	0	0	0	0	0	0	0	0
IFA38	S000000363	MKAR_YEAST	0	0	0	0	0	0	0	0	1	0	0	1	1	0	0	2	0
UBP3	S000000953	UBP3_YEAST	0	0	0	0	0	0	0	0	1	0	0	0	0	0	0	2	1
PRP19	S000003959	PRP19_YEAST	0	0	0	0	0	0	0	0	1	0	0	0	0	0	0	0	0
CHS2	S000000242	CHS2_YEAST	0	0	0	0	0	0	0	0	13	0	0	0	0	0	0	35	0
UBP6	S000001906	UBP6_YEAST	0	0	0	0	0	0	0	0	1	0	0	0	0	0	0	0	0
ADA2	S000002856	ADA2_YEAST	0	0	0	0	0	0	0	0	1	0	0	0	0	0	0	0	0
HSP26	S000000276	HSP26_YEAST	0	0	0	0	0	0	0	0	2	0	0	0	0	0	0	1	0
RPB2	S000005677	RPB2_YEAST	0	0	0	0	0	0	0	0	8	0	0	0	0	0	0	10	0
FCF1	S000002747	FCF1_YEAST	0	0	0	0	0	0	0	0	1	0	1	0	0	0	0	1	0
YPL247C	S000006168	YP247_YEAST	0	0	0	0	0	0	0	0	1	0	0	0	0	0	0	0	0
GAS1	S000004924	GAS1_YEAST	0	0	0	0	0	0	0	0	1	0	0	0	0	0	0	3	0
AAT2	S000004017	AATC_YEAST	0	0	0	0	0	0	0	0	1	0	0	0	0	0	0	0	0
RPB8	S000005750	RPAB3_YEAST	0	0	0	0	0	0	0	0	1	0	0	0	0	0	0	3	0
RFC3	S000005234	RFC3_YEAST	0	0	0	0	0	0	0	0	2	0	0	0	0	0	0	4	0
PSK2	S000005405	PSK2_YEAST	0	0	0	0	0	0	0	0	1	0	0	0	0	0	0	0	0
NAM7	S000004685	NAM7_YEAST	0	0	0	0	0	0	0	0	12	1	0	1	0	0	0	8	0
ERV29	S000003516	ERV29_YEAST	0	0	0	0	0	0	0	0	1	0	0	0	0	0	0	0	0
GVP36	S000001303	GVP36_YEAST	0	0	0	0	0	0	0	0	1	0	0	0	0	0	0	0	0
YPR147C	S000006351	YP147_YEAST	0	0	0	0	0	0	0	0	1	0	0	0	0	0	0	1	0
NRP1	S000002326	NRP1_YEAST	0	0	0	0	0	0	0	0	1	0	0	1	0	0	0	2	0
NPA3	S000003833	NPA3_YEAST	0	0	0	0	0	0	0	0	4	0	0	0	0	0	0	8	0
WHI3	S000005141	WHI3_YEAST	0	0	0	0	0	0	0	0	1	0	0	0	0	0	0	1	0
YKT6	S000001679	YKT6_YEAST	0	0	0	0	0	0	0	0	5	0	0	0	0	0	0	5	0
GCN3	S000001734	EI2BA_YEAST	0	0	0	0	0	0	0	0	2	0	0	0	0	0	0	2	0
RRT14	S000001389	RRT14_YEAST	0	0	0	0	0	0	0	0	1	0	0	0	0	0	1	2	0
LYS12	S000001356	LYS12_YEAST	0	0	0	0	0	0	0	0	5	0	0	0	0	0	1	8	0
SRP72	S000006131	SRP72_YEAST	0	0	0	0	0	0	0	0	1	0	0	0	0	0	0	1	0
YEL047C	S000000773	FRDS_YEAST	0	0	0	0	0	0	0	0	1	0	0	0	0	0	0	0	0
MNN5	S000003722	MNN5_YEAST	0	0	0	0	0	0	0	0	1	0	0	0	0	0	0	0	0
SPT10	S000003663	SPT10_YEAST	0	0	0	0	0	0	0	0	1	0	0	0	0	0	0	0	0
YFL002W-A	S000002962	YF21B_YEAST;YG21B_YEAST;YG22B_YEAST	0	0	0	0	0	0	0	0	8	0	0	1	0	0	0	13	2
MYO2	S000005853	MYO2_YEAST	0	0	0	0	0	0	0	0	5	0	0	0	1	0	0	4	0
LSP1	S000005925	LSP1_YEAST	0	0	0	0	0	0	0	0	3	0	0	0	0	0	1	1	0
TUF1	S000005713	EFTU_YEAST	0	0	0	0	0	0	0	0	5	0	0	0	0	0	0	8	0
WWM1	S000001884	WWM1_YEAST	0	0	0	0	0	0	0	0	1	0	0	0	0	0	0	3	0
ERG6	S000004467	ERG6_YEAST	0	0	0	0	0	0	0	0	3	0	0	0	0	0	0	0	0
CIT1	S000005284	CISY1_YEAST	0	0	0	0	0	0	0	0	4	0	0	0	0	0	0	0	0
RRT8	S000005408	RRT8_YEAST	0	0	0	0	0	0	0	0	1	0	0	0	0	0	0	0	0
PHO85	S000005952	PHO85_YEAST	0	0	0	0	0	0	0	0	1	0	0	0	0	0	0	1	0
YLL032C	S000003955	YL032_YEAST	0	0	0	0	0	0	0	0	1	0	0	0	0	0	0	0	0
PSE1	S000004925	IMB3_YEAST	0	0	0	0	0	0	0	0	2	0	0	0	0	0	0	5	0
DOP1	S000002548	DOP1_YEAST	0	0	0	0	0	0	0	0	1	0	0	0	0	0	0	1	0
NSA1	S000003079	NSA1_YEAST	0	0	0	0	0	0	0	0	1	0	0	2	0	0	1	2	0
SAN1	S000002550	SAN1_YEAST	0	0	0	0	0	0	0	0	1	0	0	0	0	0	0	1	0
MGM101	S000003905	MG101_YEAST	0	0	0	0	0	0	0	0	3	0	0	0	0	0	0	2	1
LSM7	S000005091	LSM7_YEAST	0	0	0	0	0	0	0	0	1	0	0	0	0	0	0	0	0
MGE1	S000005758	GRPE_YEAST	0	0	0	0	0	0	0	0	1	0	0	0	0	0	0	0	0
URA10	S000004884	PYRX_YEAST	0	0	0	0	0	0	0	0	1	0	0	0	0	0	0	0	0
WBP1	S000000728	OSTB_YEAST	0	0	0	0	0	0	0	0	1	0	0	0	0	0	0	0	0
CKA1	S000001297	CSK21_YEAST	0	0	0	0	0	0	0	0	1	0	0	0	0	0	0	0	0
RPT4	S000005785	PRS10_YEAST	0	0	0	0	0	0	0	0	7	0	0	0	0	0	0	5	0
SIN3	S000005364	SIN3_YEAST	0	0	0	0	0	0	0	0	1	0	0	0	0	0	0	1	0
SEC24	S000001371	SEC24_YEAST	0	0	0	0	0	0	0	0	2	0	0	0	0	0	0	5	0
TSL1	S000004566	TSL1_YEAST	0	0	0	0	0	0	0	0	1	0	0	0	0	0	0	0	0
SEC27	S000003105	COPB2_YEAST	0	0	0	0	0	0	0	0	8	0	0	0	1	0	0	18	0
FET3	S000004662	FET3_YEAST	0	0	0	0	0	0	0	0	1	0	0	0	1	0	0	3	0
RPN1	S000001069	RPN1_YEAST	0	0	0	0	0	0	0	0	7	0	0	0	0	0	0	11	0
RIM15	S000001861	RIM15_YEAST	0	0	0	0	0	0	0	0	1	0	0	0	0	0	0	0	0
IZH2	S000005362	IZH2_YEAST	0	0	0	0	0	0	0	0	1	0	0	0	0	0	0	0	0
YMR310C	S000004927	YM91_YEAST	0	0	0	0	0	0	0	0	4	0	0	6	4	0	2	2	2
CWC23	S000003096	CWC23_YEAST	0	0	0	0	0	0	0	0	1	0	0	0	0	0	0	1	0
YAP1801	S000001204	AP18A_YEAST	0	0	0	0	0	0	0	0	1	0	0	0	0	0	0	1	0
RPN9	S000002835	RPN9_YEAST	0	0	0	0	0	0	0	0	3	0	0	0	0	0	0	1	0
SGN1	S000001440	SGN1_YEAST	0	0	0	0	0	0	0	0	1	0	0	0	0	0	0	0	0
RPN7	S000006312	RPN7_YEAST	0	0	0	0	0	0	0	0	7	0	0	0	0	0	0	3	0
NUP170	S000000175	NU170_YEAST	0	0	0	0	0	0	0	0	4	0	0	0	0	0	0	4	0
IRA1	S000000344	IRA1_YEAST	0	0	0	0	0	0	0	0	2	0	0	0	0	0	0	1	0
TGL5	S000005607	TGL5_YEAST	0	0	0	0	0	0	0	0	1	0	0	0	0	0	0	1	0
TGL4	S000001797	TGL4_YEAST	0	0	0	0	0	0	0	0	2	0	0	0	0	0	0	0	0
IDH1	S000004982	IDH1_YEAST	0	0	0	0	0	0	0	0	5	0	0	0	0	0	0	6	0
SCW4	S000003511	SCW4_YEAST	0	0	0	0	0	0	0	0	2	0	0	0	0	0	0	0	0
THR1	S000001067	KHSE_YEAST	0	0	0	0	0	0	0	0	1	0	0	0	0	0	0	0	0
SFI1	S000003926	SFI1_YEAST	0	0	0	0	0	0	0	0	29	0	0	0	0	0	0	57	0
URA8	S000003864	URA8_YEAST	0	0	0	0	0	0	0	0	3	0	0	0	0	0	0	6	0
DHH1	S000002319	DHH1_YEAST	0	0	0	0	0	0	0	0	9	0	0	0	0	0	0	14	0
MIR1	S000003838	MPCP_YEAST	0	0	0	0	0	0	0	0	3	0	0	0	0	0	0	0	0
RRP7	S000000536	RRP7_YEAST	0	0	0	0	0	0	0	0	1	0	0	0	0	0	0	1	0
RRP8	S000002490	RRP8_YEAST	0	0	0	0	0	0	0	0	1	0	0	1	4	0	2	2	0
NOP15	S000005054	NOP15_YEAST	0	0	0	0	0	0	0	0	6	1	0	6	2	0	1	9	2
NOP19	S000003483	YG5C_YEAST	0	0	0	0	0	0	0	0	1	0	0	0	0	0	0	1	0
SNA3	S000003687	SNA3_YEAST	0	0	0	0	0	0	0	0	1	0	0	0	0	0	0	2	0
YIL002W-A	S000028835	YI002_YEAST	0	0	0	0	0	0	0	0	1	0	0	0	0	0	0	0	0
PHB1	S000003364	PHB1_YEAST	0	0	0	0	0	0	0	0	1	0	0	0	0	0	0	2	0
OGG1	S000004525	OGG1_YEAST	0	0	0	0	0	0	0	0	1	0	0	0	0	0	0	0	0
SEC18	S000000284	SEC18_YEAST	0	0	0	0	0	0	0	0	4	0	0	0	0	0	0	8	0
YKR018C	S000001726	YKR18_YEAST	0	0	0	0	0	0	0	0	2	0	0	0	0	0	0	2	0
NAR1	S000005184	NAR1_YEAST	0	0	0	0	0	0	0	0	1	0	0	0	0	0	0	0	0
SEC16	S000006006	SEC16_YEAST	0	0	0	0	0	0	0	0	3	0	0	0	0	0	0	8	0
CLC1	S000003399	CLC1_YEAST	0	0	0	0	0	0	0	0	1	0	0	0	0	0	0	0	0
CRM1	S000003450	XPO1_YEAST	0	0	0	0	0	0	0	0	2	0	0	0	0	0	0	6	0
YET3	S000002230	YET3_YEAST	0	0	0	0	0	0	0	0	1	0	0	0	0	0	0	0	0
GLO3	S000000924	GLO3_YEAST	0	0	0	0	0	0	0	0	4	0	0	0	0	0	0	2	0
MNP1	S000003036	MNP1_YEAST	0	0	0	0	0	0	0	0	1	0	0	0	0	0	0	1	0
R0040C	-	-	0	0	0	0	0	0	0	0	1	0	0	0	0	0	0	2	0
HSP12	S000001880	HSP12_YEAST	0	0	0	0	0	0	0	0	5	0	0	0	0	0	0	0	0
PUF4	S000002982	PUF4_YEAST	0	0	0	0	0	0	0	0	1	0	0	0	0	0	0	2	0
YAP1802	S000003473	AP18B_YEAST	0	0	0	0	0	0	0	0	2	0	0	0	0	0	0	0	0
PRE6	S000005398	PSA7_YEAST	0	0	0	0	0	0	0	0	1	0	0	0	0	0	0	1	0
RIO1	S000005645	RIO1_YEAST	0	0	0	0	0	0	0	0	1	0	0	0	0	0	0	7	0
PNO1	S000005671	PNO1_YEAST	0	0	0	0	0	0	0	0	4	1	0	1	1	0	0	2	2
GLC7	S000000935	PP12_YEAST	0	0	0	0	0	0	0	0	2	1	0	0	0	0	0	1	0
LOC1	S000001897	LOC1_YEAST	0	0	0	0	0	0	0	0	1	2	0	0	0	0	0	2	1
MIA40	S000001678	MIA40_YEAST	0	0	0	0	0	0	0	0	1	0	0	0	0	0	0	1	0
RRB1	S000004738	RRB1_YEAST	0	0	0	0	0	0	0	0	1	0	0	0	0	0	0	4	0
GCV3	S000000042	GCSH_YEAST	0	0	0	0	0	0	0	0	1	0	0	0	0	0	0	0	0
CCR4	S000000019	CCR4_YEAST	0	0	0	0	0	0	0	0	2	0	0	0	0	0	0	4	0
MSH5	S000002313	MSH5_YEAST	0	0	0	0	0	0	0	0	1	0	0	0	0	0	0	0	0
SEC3	S000000810	SEC3_YEAST	0	0	0	0	0	0	0	0	1	0	0	0	0	0	0	3	0
TOR1	S000003827	TOR1_YEAST	0	0	0	0	0	0	0	0	3	0	0	0	0	0	0	3	0
SEC4	S000001889	SEC4_YEAST	0	0	0	0	0	0	0	0	1	0	0	0	0	0	0	1	0
SEC7	S000002577	SEC7_YEAST	0	0	0	0	0	0	0	0	6	0	0	0	0	0	0	9	0
TOR2	S000001686	TOR2_YEAST	0	0	0	0	0	0	0	0	1	0	0	0	0	0	0	3	0
PYC1	S000003030	PYC1_YEAST	0	0	0	0	0	0	0	0	1	0	0	0	0	0	0	2	0
YLR410W-B	S000007380	YL21B_YEAST	0	0	0	0	0	0	0	0	8	0	0	1	0	0	0	13	2
YPR022C	S000006226	YP022_YEAST	0	0	0	0	0	0	0	0	3	0	0	0	0	0	0	2	0
REX4	S000005440	REXO4_YEAST	0	0	0	0	0	0	0	0	3	1	0	0	3	0	0	5	1
VMA8	S000000777	VATD_YEAST	0	0	0	0	0	0	0	0	3	1	0	0	0	0	0	9	0
YMR086W	S000004692	YMX6_YEAST	0	0	0	0	0	0	0	0	1	0	0	0	0	0	0	0	0
SWP1	S000004757	OSTD_YEAST	0	0	0	0	0	0	0	0	1	0	0	0	0	0	0	2	0
NQM1	S000003275	TAL2_YEAST	0	0	0	0	0	0	0	0	1	0	0	0	0	0	0	0	0
YMR226C	S000004839	YM71_YEAST	0	0	0	0	0	0	0	0	1	0	0	0	0	0	0	0	0
NUT1	S000003119	MED5_YEAST	0	0	0	0	0	0	0	0	1	0	0	0	0	0	0	0	0
MAP2	S000000187	AMPM2_YEAST	0	0	0	0	0	0	0	0	1	1	0	0	0	0	0	1	0
HXT3	S000002753	HXT3_YEAST	0	0	0	0	0	0	0	0	2	0	0	0	0	0	0	1	0
MDH1	S000001568	MDHM_YEAST	0	0	0	0	0	0	0	0	2	0	0	0	0	0	0	0	0
NIP7	S000006132	NIP7_YEAST	0	0	0	0	0	0	0	0	1	1	0	0	1	0	2	1	2
ADR1	S000002624	ADR1_YEAST	0	0	0	0	0	0	0	0	3	0	0	0	0	0	0	1	0
PAN1	S000001445	PAN1_YEAST	0	0	0	0	0	0	0	0	5	0	0	0	0	0	0	0	0
NUM1	S000002557	NUM1_YEAST	0	0	0	0	0	0	0	0	4	0	0	0	1	0	0	5	0
YOR343W-B	S000007356	YO22B_YEAST	0	0	0	0	0	0	0	0	8	0	0	1	0	0	0	13	2
PGC1	S000006127	PGC1_YEAST	0	0	0	0	0	0	0	0	1	0	0	0	0	0	0	0	0
CBR1	S000001305	NCB5R_YEAST	0	0	0	0	0	0	0	0	1	0	0	0	0	0	0	0	0
UTH1	S000001750	UTH1_YEAST	0	0	0	0	0	0	0	0	1	0	0	0	0	0	0	0	0
RRP43	S000000631	RRP43_YEAST	0	0	0	0	0	0	0	0	1	0	0	0	0	0	0	0	0
DBP7	S000001732	DBP7_YEAST	0	0	0	0	0	0	0	0	3	2	0	1	3	0	0	4	2
DCP2	S000005062	DCP2_YEAST	0	0	0	0	0	0	0	0	35	0	0	0	0	0	0	8	0
GTS1	S000003149	GTS1_YEAST	0	0	0	0	0	0	0	0	6	0	0	1	0	0	0	2	0
RIB4	S000005503	RIB4_YEAST	0	0	0	0	0	0	0	0	1	0	0	0	0	0	0	0	0
MCM6	S000003169	MCM6_YEAST	0	0	0	0	0	0	0	0	1	0	0	0	0	0	0	2	0
MCM4	S000006223	MCM4_YEAST	0	0	0	0	0	0	0	0	2	0	0	0	0	0	0	11	0
IRR1	S000001288	SCC3_YEAST	0	0	0	0	0	0	0	0	1	0	0	0	0	0	0	0	0
CKI1	S000004123	KICH_YEAST	0	0	0	0	0	0	0	0	1	0	0	0	0	0	0	0	0
BGL2	S000003514	BGL2_YEAST	0	0	0	0	0	0	0	0	1	0	0	0	0	0	0	1	0
GCD6	S000002619	EI2BE_YEAST	0	0	0	0	0	0	0	0	1	0	0	0	0	0	0	10	0
NAB6	S000004585	NAB6_YEAST	0	0	0	0	0	0	0	0	2	0	0	0	0	0	0	1	0
GCD2	S000003315	EI2BD_YEAST	0	0	0	0	0	0	0	0	1	0	0	0	0	0	0	2	0
YBL100W-B	S000002149	YB21B_YEAST	0	0	0	0	0	0	0	0	7	0	0	1	0	0	0	12	1
NOC3	S000003992	NOC3_YEAST	0	0	0	0	0	0	0	0	1	0	0	1	0	0	0	1	0
RRP14	S000001565	RRP14_YEAST	0	0	0	0	0	0	0	0	3	0	0	0	0	0	0	1	1
AAC3	S000000289	ADT3_YEAST	0	0	0	0	0	0	0	0	1	0	0	0	0	0	0	1	0
PTC3	S000000152	PP2C3_YEAST	0	0	0	0	0	0	0	0	1	0	0	0	0	0	0	1	0
PTC2	S000000891	PP2C2_YEAST	0	0	0	0	0	0	0	0	1	0	0	0	0	0	0	1	0
PRE9	S000003367	PSA4_YEAST	0	0	0	0	0	0	0	0	3	0	0	0	0	0	0	1	0
SRP1	S000005133	IMA1_YEAST	0	0	0	0	0	0	0	0	2	0	0	0	0	0	0	3	0
UGP1	S000001518	UGPA1_YEAST	0	0	0	0	0	0	0	0	6	0	0	0	0	0	0	1	0
PNC1	S000003005	PNC1_YEAST	0	0	0	0	0	0	0	0	2	0	0	0	0	0	0	0	0
RRP15	S000006347	RRP15_YEAST	0	0	0	0	0	0	0	0	1	0	0	2	1	0	0	1	0
COP1	S000002304	COPA_YEAST	0	0	0	0	0	0	0	0	1	0	0	0	0	0	0	10	0
APE2	S000001640	APE2_YEAST	0	0	0	0	0	0	0	0	1	0	0	0	0	0	0	0	0
APE3	S000000490	APE3_YEAST	0	0	0	0	0	0	0	0	1	0	0	0	0	0	0	0	0
RFC1	S000005743	RFC1_YEAST	0	0	0	0	0	0	0	0	1	0	0	0	0	0	0	0	0
GCN20	S000001905	GCN20_YEAST	0	0	0	0	0	0	0	0	1	0	0	0	0	0	0	1	0
SFB2	S000004994	SFB2_YEAST	0	0	0	0	0	0	0	0	1	0	0	0	0	0	0	4	0
YDR034C-D	S000007345	YD21B_YEAST	0	0	0	0	0	0	0	0	7	0	0	1	0	0	0	12	1
HRP1	S000005483	HRP1_YEAST	0	0	0	0	0	0	0	0	1	1	0	0	0	0	0	2	0
CDC9	S000002323	DNLI1_YEAST	0	0	0	0	0	0	0	0	1	0	0	0	0	0	0	0	0
SQT1	S000001451	SQT1_YEAST	0	0	0	0	0	0	0	0	1	0	0	0	0	0	0	0	0
ARA1	S000000353	ARA1_YEAST	0	0	0	0	0	0	0	0	2	0	0	0	0	0	0	0	0
STE6	S000001692	STE6_YEAST	0	0	0	0	0	0	0	0	2	0	0	0	0	0	0	5	0
ECM16	S000004735	DHR1_YEAST	0	0	0	0	0	0	0	0	2	2	0	0	1	0	0	1	0
DNM1	S000003924	DNM1_YEAST	0	0	0	0	0	0	0	0	2	0	0	0	0	0	0	3	0
NMD5	S000003893	NMD5_YEAST	0	0	0	0	0	0	0	0	1	0	0	0	0	0	0	4	0
CDC3	S000004306	CDC3_YEAST	0	0	0	0	0	0	0	0	3	0	0	0	0	0	0	3	0
NMD2	S000001119	NMD2_YEAST	0	0	0	0	0	0	0	0	1	0	0	0	0	0	0	0	0
YGR161W-B	S000007370	YF21B_YEAST;YG21B_YEAST;YG22B_YEAST	0	0	0	0	0	0	0	0	8	0	0	1	0	0	0	13	2
APL3	S000000133	AP2A_YEAST	0	0	0	0	0	0	0	0	1	0	0	0	0	0	0	0	0
RHO1	S000006369	RHO1_YEAST	0	0	0	0	0	0	0	0	1	0	0	0	0	0	0	0	0
CAP2	S000001296	CAPZB_YEAST	0	0	0	0	0	0	0	0	1	0	0	0	0	0	0	0	0
UTP30	S000001768	RL1D1_YEAST	0	0	0	0	0	0	0	0	1	0	0	0	0	0	1	1	0
LSM5	S000000948	LSM5_YEAST	0	0	0	0	0	0	0	0	1	0	0	0	0	0	0	0	0
SRB7	S000002716	MED21_YEAST	0	0	0	0	0	0	0	0	1	0	0	0	0	0	0	1	0
HSP42	S000002578	HSP42_YEAST	0	0	0	0	0	0	0	0	1	0	0	0	0	0	0	0	0
FAF1	S000001281	FAF1_YEAST	0	0	0	0	0	0	0	0	1	0	0	0	0	0	0	0	0
PGM1	S000001610	PGM1_YEAST	0	0	0	0	0	0	0	0	2	0	0	0	0	0	0	3	0
RVB2	S000006156	RUVB2_YEAST	0	0	0	0	0	0	0	0	9	0	0	0	0	0	0	18	0
RVB1	S000002598	RUVB1_YEAST	0	0	0	0	0	0	0	0	6	1	0	0	0	0	0	11	0
ACO1	S000004295	ACON_YEAST	0	0	0	0	0	0	0	0	3	0	0	0	0	0	0	6	0
GET4	S000005690	GET4_YEAST	0	0	0	0	0	0	0	0	2	0	0	0	0	0	0	1	0
TAF6	S000003080	TAF6_YEAST	0	0	0	0	0	0	0	0	1	0	0	0	0	0	0	1	0
EBS1	S000002614	EBS1_YEAST	0	0	0	0	0	0	0	0	3	0	0	0	0	0	0	0	0
CDC25	S000004301	CDC25_YEAST	0	0	0	0	0	0	0	0	6	0	0	0	0	0	0	3	0
RET2	S000001947	COPD_YEAST	0	0	0	0	0	0	0	0	2	0	0	1	0	0	0	4	0
SMB1	S000000831	RSMB_YEAST	0	0	0	0	0	0	0	0	1	0	0	0	0	0	0	0	0
SUR4	S000004364	ELO3_YEAST	0	0	0	0	0	0	0	0	1	0	0	0	0	0	0	1	0
YNL050C	S000004995	YNF0_YEAST	0	0	0	0	0	0	0	0	1	0	0	0	3	0	0	1	0
SMC3	S000003610	SMC3_YEAST	0	0	0	0	0	0	0	0	1	0	0	0	0	0	0	0	0
CEX1	S000005638	CEX1_YEAST	0	0	0	0	0	0	0	0	1	1	0	3	1	0	0	3	1
NPR2	S000000788	NPR2_YEAST	0	0	0	0	0	0	0	0	1	0	0	0	0	0	0	0	0
RPL37A	S000004175	RL37A_YEAST	0	0	0	0	0	0	0	0	1	0	0	0	0	0	0	1	0
HOS4	S000001374	HOS4_YEAST	0	0	0	0	0	0	0	0	1	0	0	0	0	0	0	1	0
SNF4	S000003083	SNF4_YEAST	0	0	0	0	0	0	0	0	1	0	0	0	0	0	0	2	0
FAA4	S000004860	LCF4_YEAST	0	0	0	0	0	0	0	0	9	0	0	0	0	0	0	10	0
FAA3	S000001271	LCF3_YEAST	0	0	0	0	0	0	0	0	1	0	0	0	0	0	0	1	0
RPB5	S000000358	RPAB1_YEAST	0	0	0	0	0	0	0	0	1	0	0	2	1	0	1	11	1
HEK2	S000000128	HEK2_YEAST	0	0	0	0	0	0	0	0	6	1	0	0	0	0	0	2	0
SSO2	S000004795	SSO2_YEAST	0	0	0	0	0	0	0	0	1	0	0	0	0	0	0	0	0
SSO1	S000006153	SSO1_YEAST	0	0	0	0	0	0	0	0	2	0	0	0	0	0	0	1	0
ECM10	S000000756	HSP7E_YEAST	0	0	0	0	0	0	0	0	2	0	0	1	0	0	0	3	0
MCA1	S000005723	MCA1_YEAST	0	0	0	0	0	0	0	0	1	0	0	0	0	0	0	2	0
HRR25	S000006125	HRR25_YEAST	0	0	0	0	0	0	0	0	2	0	0	0	0	0	0	2	0
DIM1	S000006187	DIM1_YEAST	0	0	0	0	0	0	0	0	1	0	0	0	0	0	0	0	0
PAT1	S000000673	PAT1_YEAST	0	0	0	0	0	0	0	0	10	0	0	1	0	0	0	7	1
RBL2	S000005791	TBCA_YEAST	0	0	0	0	0	0	0	0	2	0	0	0	0	0	0	1	0
HUA1	S000003500	HUA1_YEAST	0	0	0	0	0	0	0	0	5	0	0	0	0	0	0	3	0
SEN1	S000004422	SEN1_YEAST	0	0	0	0	0	0	0	0	2	0	0	0	0	0	0	3	0
CYR1	S000003542	CYAA_YEAST	0	0	0	0	0	0	0	0	4	0	0	0	0	0	0	4	0
PRB1	S000000786	PRTB_YEAST	0	0	0	0	0	0	0	0	6	0	0	0	0	0	0	4	0
CKB2	S000005565	CSK2C_YEAST	0	0	0	0	0	0	0	0	1	0	0	0	0	0	0	1	0
NUP192	S000003576	NU192_YEAST	0	0	0	0	0	0	0	0	3	0	0	0	0	0	0	11	0
VPS35	S000003690	VPS35_YEAST	0	0	0	0	0	0	0	0	1	0	0	0	0	0	0	1	0
SLH1	S000003503	SLH1_YEAST	0	0	0	0	0	0	0	0	1	0	0	0	0	0	0	2	0
SAC7	S000002797	SAC7_YEAST	0	0	0	0	0	0	0	0	1	0	0	0	0	0	0	2	0
SAC1	S000001695	SAC1_YEAST	0	0	0	0	0	0	0	0	3	0	0	0	0	0	0	2	0
MAK11	S000001504	MAK11_YEAST	0	0	0	0	0	0	0	0	2	0	0	0	1	0	0	2	1
NOT3	S000001300	NOT3_YEAST	0	0	0	0	0	0	0	0	1	0	0	0	0	0	0	3	0
GRX3	S000002505	GLRX3_YEAST	0	0	0	0	0	0	0	0	1	0	0	0	0	0	0	0	0
ALD4	S000005901	ALDH4_YEAST	0	0	0	0	0	0	0	0	2	0	0	0	0	0	0	0	0
GRX4	S000000976	GLRX4_YEAST	0	0	0	0	0	0	0	0	1	0	0	0	0	0	0	0	0
PAM1	S000002659	PAM1_YEAST	0	0	0	0	0	0	0	0	1	0	0	1	0	0	0	2	0
SNT2	S000003099	SNT2_YEAST	0	0	0	0	0	0	0	0	1	0	0	0	0	0	0	0	0
MDY2	S000005471	MDY2_YEAST	0	0	0	0	0	0	0	0	1	0	0	0	0	0	0	0	0
LSM12	S000001163	LSM12_YEAST	0	0	0	0	0	0	0	0	4	0	0	0	0	0	1	2	0
ADE16	S000004018	PUR91_YEAST	0	0	0	0	0	0	0	0	1	0	0	0	0	0	0	0	0
SEC23	S000006385	SEC23_YEAST	0	0	0	0	0	0	0	0	3	1	0	0	1	0	0	6	0
SCW10	S000004921	SCW10_YEAST	0	0	0	0	0	0	0	0	1	0	0	0	0	0	0	1	0
FIR1	S000000834	FIR1_YEAST	0	0	0	0	0	0	0	0	1	0	0	1	0	0	0	0	0
PIM1	S000000118	LONM_YEAST	0	0	0	0	0	0	0	0	1	0	0	0	0	0	0	2	0
OSM1	S000003812	OSM1_YEAST	0	0	0	0	0	0	0	0	2	0	0	0	0	0	0	0	0
SNF2	S000005816	SNF2_YEAST	0	0	0	0	0	0	0	0	2	0	0	0	0	0	0	2	0
SEC1	S000002571	SEC1_YEAST	0	0	0	0	0	0	0	0	1	0	0	0	0	0	0	0	0
FSF1	S000005797	FSF1_YEAST	0	0	0	0	0	0	0	0	1	0	0	0	0	0	0	0	0
CPA2	S000003870	CARB_YEAST	0	0	0	0	0	0	0	0	2	0	0	0	0	0	0	3	0
MLC1	S000003074	MLC1_YEAST	0	0	0	0	0	0	0	0	5	0	0	0	0	0	0	3	0
CRP1	S000001189	CRP1_YEAST	0	0	0	0	0	0	0	0	1	0	0	0	0	0	0	1	0
YOR192C-B	S000007354	YO21B_YEAST	0	0	0	0	0	0	0	0	8	0	0	1	0	0	0	13	2
PRP2	S000005294	PRP2_YEAST	0	0	0	0	0	0	0	0	0	1	0	3	1	0	1	1	0
GPM3	S000005417	PMG3_YEAST	0	0	0	0	0	0	0	0	0	1	0	0	0	0	0	0	0
UBP16	S000005993	UBP16_YEAST	0	0	0	0	0	0	0	0	0	1	0	0	0	0	0	0	0
RPN3	S000000823	RPN3_YEAST	0	0	0	0	0	0	0	0	0	1	0	0	0	0	0	3	0
SWM2	S000005287	SWM2_YEAST	0	0	0	0	0	0	0	0	0	1	0	0	0	0	0	0	0
YKL077W	S000001560	YKH7_YEAST	0	0	0	0	0	0	0	0	0	1	0	0	0	0	0	0	0
MRPL24	S000004806	RM24_YEAST	0	0	0	0	0	0	0	0	0	1	0	0	0	0	0	0	0
RRP4	S000001111	RRP4_YEAST	0	0	0	0	0	0	0	0	0	1	0	0	0	0	0	0	0
HAL5	S000003701	HAL5_YEAST	0	0	0	0	0	0	0	0	0	1	0	0	0	0	0	0	0
RTK1	S000002183	RTK1_YEAST	0	0	0	0	0	0	0	0	0	1	0	0	0	0	0	0	0
DFM1	S000002819	DFM1_YEAST	0	0	0	0	0	0	0	0	0	1	0	0	0	0	0	0	0
YCK2	S000005098	KC12_YEAST	0	0	0	0	0	0	0	0	0	1	0	0	0	0	0	0	0
CYK3	S000002275	CYK3_YEAST	0	0	0	0	0	0	0	0	0	1	0	0	0	0	0	0	0
NOG2	S000005336	NOG2_YEAST	0	0	0	0	0	0	0	0	0	0	1	0	0	0	0	3	1
KTR6	S000005974	KTR6_YEAST	0	0	0	0	0	0	0	0	0	0	1	0	0	0	0	0	0
RPF1	S000001130	RPF1_YEAST	0	0	0	0	0	0	0	0	0	0	0	5	0	0	2	0	0
POP1	S000005165	POP1_YEAST	0	0	0	0	0	0	0	0	0	0	0	1	0	0	0	0	0
SCC2	S000002588	SCC2_YEAST	0	0	0	0	0	0	0	0	0	0	0	1	0	0	0	0	0
MCM10	S000001412	MCM10_YEAST	0	0	0	0	0	0	0	0	0	0	0	1	0	0	0	0	0
YDR161W	S000002568	YD161_YEAST	0	0	0	0	0	0	0	0	0	0	0	1	0	0	0	0	0
SDA1	S000003477	SDA1_YEAST	0	0	0	0	0	0	0	0	0	0	0	1	0	8	0	2	0
YKL222C	S000001705	YKW2_YEAST	0	0	0	0	0	0	0	0	0	0	0	1	0	0	1	0	0
RRP6	S000005527	RRP6_YEAST	0	0	0	0	0	0	0	0	0	0	0	1	0	0	0	0	0
SRP102	S000001637	SRPB_YEAST	0	0	0	0	0	0	0	0	0	0	0	1	0	0	0	0	0
FUN19	S000002134	FUN19_YEAST	0	0	0	0	0	0	0	0	0	0	0	1	0	0	0	0	0
HRK1	S000005793	HRK1_YEAST	0	0	0	0	0	0	0	0	0	0	0	1	0	0	0	0	1
COG7	S000002973	COG7_YEAST	0	0	0	0	0	0	0	0	0	0	0	1	0	0	0	0	0
YOR378W	S000005905	YO378_YEAST	0	0	0	0	0	0	0	0	0	0	0	1	0	0	0	0	0
SEE1	S000001326	SEE1_YEAST	0	0	0	0	0	0	0	0	0	0	0	1	0	0	0	0	0
VPS5	S000005595	VPS5_YEAST	0	0	0	0	0	0	0	0	0	0	0	0	1	0	1	0	0
HEM1	S000002640	HEM1_YEAST	0	0	0	0	0	0	0	0	0	0	0	0	1	0	0	0	0
POP5	S000000031	POP5_YEAST	0	0	0	0	0	0	0	0	0	0	0	0	1	0	0	0	0
LAA1	S000003743	LAA1_YEAST	0	0	0	0	0	0	0	0	0	0	0	0	5	0	0	0	1
MNN11	S000003719	MNN11_YEAST	0	0	0	0	0	0	0	0	0	0	0	0	1	0	0	0	0
VTC4	S000003549	VTC4_YEAST	0	0	0	0	0	0	0	0	0	0	0	0	1	0	0	0	0
YRM1	S000005698	YRM1_YEAST	0	0	0	0	0	0	0	0	0	0	0	0	1	0	0	0	0
RAP1	S000005160	RAP1_YEAST	0	0	0	0	0	0	0	0	0	0	0	0	1	0	0	0	0
YKL027W	S000001510	YKC7_YEAST	0	0	0	0	0	0	0	0	0	0	0	0	1	0	0	0	0
YFH7	S000001903	YFH7_YEAST	0	0	0	0	0	0	0	0	0	0	0	0	1	0	0	0	0
DIS3	S000005381	RRP44_YEAST	0	0	0	0	0	0	0	0	0	0	0	0	2	0	1	3	1
YEA6	S000000732	YEA6_YEAST	0	0	0	0	0	0	0	0	0	0	0	0	0	10	0	0	0
YDR239C	S000002647	YD239_YEAST	0	0	0	0	0	0	0	0	0	0	0	0	0	3	0	0	0
YOR093C	S000005619	YO093_YEAST	0	0	0	0	0	0	0	0	0	0	0	0	0	10	0	0	0
YPL260W	S000006181	YP260_YEAST	0	0	0	0	0	0	0	0	0	0	0	0	0	1	0	0	0
DUG1	S000001940	DUG1_YEAST	0	0	0	0	0	0	0	0	0	0	0	0	0	1	0	0	0
ENA2	S000002446	ATN2_YEAST	0	0	0	0	0	0	0	0	0	0	0	0	0	1	0	3	0
ENA5	S000002445	ATN5_YEAST	0	0	0	0	0	0	0	0	0	0	0	0	0	1	0	3	0
SPP41	S000002872	SPP41_YEAST	0	0	0	0	0	0	0	0	0	0	0	0	0	5	0	0	0
YIR042C	S000001481	YIW2_YEAST	0	0	0	0	0	0	0	0	0	0	0	0	0	1	0	0	0
MMS1	S000006368	MMS1_YEAST	0	0	0	0	0	0	0	0	0	0	0	0	0	4	0	0	0
ENA1	S000002447	ATN1_YEAST	0	0	0	0	0	0	0	0	0	0	0	0	0	1	0	2	0
PRK1	S000001357	PRK1_YEAST	0	0	0	0	0	0	0	0	0	0	0	0	0	1	0	0	0
CTF3	S000004373	CTF3_YEAST	0	0	0	0	0	0	0	0	0	0	0	0	0	0	1	0	0
YMR085W	S000004690	YM085_YEAST	0	0	0	0	0	0	0	0	0	0	0	0	0	0	1	0	0
YOL087C	S000005447	YO087_YEAST	0	0	0	0	0	0	0	0	0	0	0	0	0	0	1	0	0
ASE1	S000005584	ASE1_YEAST	0	0	0	0	0	0	0	0	0	0	0	0	0	0	1	0	0
YLR126C	S000004116	YL126_YEAST	0	0	0	0	0	0	0	0	0	0	0	0	0	0	1	0	0
MSC2	S000002613	MSC2_YEAST	0	0	0	0	0	0	0	0	0	0	0	0	0	0	1	0	0
SLN1	S000001409	SLN1_YEAST	0	0	0	0	0	0	0	0	0	0	0	0	0	0	1	0	0
YOR192C-A	S000007353	YO21A_YEAST	0	0	0	0	0	0	0	0	0	0	0	0	0	0	0	1	0
YDR261W-A	S000007396	YD23A_YEAST	0	0	0	0	0	0	0	0	0	0	0	0	0	0	0	1	0
PDR5	S000005679	PDR5_YEAST	0	0	0	0	0	0	0	0	0	0	0	0	0	0	0	1	0
NOB1	S000005582	NOB1_YEAST	0	0	0	0	0	0	0	0	0	0	0	0	0	0	0	1	0
OAF1	S000000048	OAF1_YEAST	0	0	0	0	0	0	0	0	0	0	0	0	0	0	0	1	0
SCL1	S000002979	PSA6_YEAST	0	0	0	0	0	0	0	0	0	0	0	0	0	0	0	1	0
ARP8	S000005667	ARP8_YEAST	0	0	0	0	0	0	0	0	0	0	0	0	0	0	0	1	0
ARP7	S000006238	ARP7_YEAST	0	0	0	0	0	0	0	0	0	0	0	0	0	0	0	1	0
VID27	S000005156	VID27_YEAST	0	0	0	0	0	0	0	0	0	0	0	0	0	0	0	1	0
RBG2	S000003405	RBG2_YEAST	0	0	0	0	0	0	0	0	0	0	0	0	0	0	0	5	0
POP2	S000005335	POP2_YEAST	0	0	0	0	0	0	0	0	0	0	0	0	0	0	0	1	0
ERG1	S000003407	ERG1_YEAST	0	0	0	0	0	0	0	0	0	0	0	0	0	0	0	2	0
ERG3	S000004046	ERG3_YEAST	0	0	0	0	0	0	0	0	0	0	0	0	0	0	0	1	0
RAD5	S000004022	RAD5_YEAST	0	0	0	0	0	0	0	0	0	0	0	0	0	0	0	1	0
YOP1	S000006232	YOP1_YEAST	0	0	0	0	0	0	0	0	0	0	0	0	0	0	0	1	0
TIM23	S000005300	TIM23_YEAST	0	0	0	0	0	0	0	0	0	0	0	0	0	0	0	1	0
CPR4	S000000665	CYPR_YEAST	0	0	0	0	0	0	0	0	0	0	0	0	0	0	0	1	0
MBA1	S000000389	MBA1_YEAST	0	0	0	0	0	0	0	0	0	0	0	0	0	0	0	1	0
RPN10	S000001243	RPN10_YEAST	0	0	0	0	0	0	0	0	0	0	0	0	0	0	0	2	0
PDR16	S000005175	PDR16_YEAST	0	0	0	0	0	0	0	0	0	0	0	0	0	0	0	1	0
TOP2	S000005032	TOP2_YEAST	0	0	0	0	0	0	0	0	0	0	0	0	0	0	0	2	0
RSC9	S000004596	RSC9_YEAST	0	0	0	0	0	0	0	0	0	0	0	0	0	0	0	1	0
LOS1	S000001688	XPOT_YEAST	0	0	0	0	0	0	0	0	0	0	0	0	0	0	0	1	0
NUP133	S000001790	NU133_YEAST	0	0	0	0	0	0	0	0	0	0	0	0	0	0	0	1	0
IPI3	S000005126	IPI3_YEAST	0	0	0	0	0	0	0	0	0	0	0	0	0	0	0	1	0
LSC1	S000005668	SUCA_YEAST	0	0	0	0	0	0	0	0	0	0	0	0	0	0	0	1	0
ACO2	S000003736	ACON2_YEAST	0	0	0	0	0	0	0	0	0	0	0	0	0	0	0	1	0
HOS3	S000006037	HOS3_YEAST	0	0	0	0	0	0	0	0	0	0	0	0	0	0	0	1	0
BUD20	S000004064	BUD20_YEAST	0	0	0	0	0	0	0	0	0	0	0	0	0	0	0	1	0
DIG2	S000002888	DIG2_YEAST	0	0	0	0	0	0	0	0	0	0	0	0	0	0	0	1	0
IML1	S000003899	IML1_YEAST	0	0	0	0	0	0	0	0	0	0	0	0	0	0	0	1	0
FLC2	S000000049	FLC2_YEAST	0	0	0	0	0	0	0	0	0	0	0	0	0	0	0	2	0
ZRC1	S000004856	ZRC1_YEAST	0	0	0	0	0	0	0	0	0	0	0	0	0	0	0	1	0
RPN12	S000001948	RPN12_YEAST	0	0	0	0	0	0	0	0	0	0	0	0	0	0	0	1	0
RPN11	S000001900	RPN11_YEAST	0	0	0	0	0	0	0	0	0	0	0	0	0	0	0	4	0
MUD1	S000000323	RU1A_YEAST	0	0	0	0	0	0	0	0	0	0	0	0	0	0	0	1	0
GAL11	S000005411	MED15_YEAST	0	0	0	0	0	0	0	0	0	0	0	0	0	0	0	1	0
NDE1	S000004753	NDH1_YEAST	0	0	0	0	0	0	0	0	0	0	0	0	0	0	0	1	0
ERV2	S000006241	ERV2_YEAST	0	0	0	0	0	0	0	0	0	0	0	0	0	0	0	1	0
RRN5	S000004131	RRN5_YEAST	0	0	0	0	0	0	0	0	0	0	0	0	0	0	0	1	0
NAF1	S000005068	NAF1_YEAST	0	0	0	0	0	0	0	0	0	0	0	0	0	0	0	1	0
MNN10	S000002653	MNN10_YEAST	0	0	0	0	0	0	0	0	0	0	0	0	0	0	0	1	0
RPN5	S000002306	RPN5_YEAST	0	0	0	0	0	0	0	0	0	0	0	0	0	0	0	5	0
YTA12	S000004695	YTA12_YEAST	0	0	0	0	0	0	0	0	0	0	0	0	0	0	0	1	0
SHE4	S000005561	SHE4_YEAST	0	0	0	0	0	0	0	0	0	0	0	0	0	0	0	1	0
IRC5	S000001934	IRC5_YEAST	0	0	0	0	0	0	0	0	0	0	0	0	0	0	0	1	0
DOM34	S000004946	DOM34_YEAST	0	0	0	0	0	0	0	0	0	0	0	0	0	0	0	1	0
KRE9	S000003710	KRE9_YEAST	0	0	0	0	0	0	0	0	0	0	0	0	0	0	0	1	0
SSH1	S000000487	SSH1_YEAST	0	0	0	0	0	0	0	0	0	0	0	0	0	0	0	1	0
YBR238C	S000000442	RMD9L_YEAST	0	0	0	0	0	0	0	0	0	0	0	0	0	0	0	1	0
TRP3	S000001694	TRPG_YEAST	0	0	0	0	0	0	0	0	0	0	0	0	0	0	0	1	0
FKS3	S000004923	FKS3_YEAST	0	0	0	0	0	0	0	0	0	0	0	0	0	0	0	1	0
MSL5	S000004106	BBP_YEAST	0	0	0	0	0	0	0	0	0	0	0	0	0	0	0	1	0
NAS6	S000003464	PSD10_YEAST	0	0	0	0	0	0	0	0	0	0	0	0	0	0	0	1	0
SEC61	S000004370	SC61A_YEAST	0	0	0	0	0	0	0	0	0	0	0	0	0	0	0	1	0
SEC62	S000006015	SEC62_YEAST	0	0	0	0	0	0	0	0	0	0	0	0	0	0	0	1	0
YNL022C	S000004967	YNC2_YEAST	0	0	0	0	0	0	0	0	0	0	0	0	0	0	0	2	0
KTR3	S000000409	KTR3_YEAST	0	0	0	0	0	0	0	0	0	0	0	0	0	0	0	1	0
STH1	S000001388	STH1_YEAST	0	0	0	0	0	0	0	0	0	0	0	0	0	0	0	2	0
YDR210W-A	S000007392	YD22A_YEAST;YL22A_YEAST	0	0	0	0	0	0	0	0	0	0	0	0	0	0	0	1	0
NUP85	S000003803	NUP85_YEAST	0	0	0	0	0	0	0	0	0	0	0	0	0	0	0	1	0
SSQ1	S000004361	HSP7Q_YEAST	0	0	0	0	0	0	0	0	0	0	0	0	0	0	0	1	0
MAL32	S000000503	MAL32_YEAST;MAL62_YEASX	0	0	0	0	0	0	0	0	0	0	0	0	0	0	0	1	0
RNA1	S000004848	RNA1_YEAST	0	0	0	0	0	0	0	0	0	0	0	0	0	0	0	4	0
RSC8	S000001933	RSC8_YEAST	0	0	0	0	0	0	0	0	0	0	0	0	0	0	0	2	0
YPR053C	S000006257	YP053_YEAST	0	0	0	0	0	0	0	0	0	0	0	0	0	0	0	1	0
WHI2	S000005569	WHI2_YEAST	0	0	0	0	0	0	0	0	0	0	0	0	0	0	0	1	0
YCL020W	S000000525	YC21A_YEAST	0	0	0	0	0	0	0	0	0	0	0	0	0	0	0	1	0
SNU56	S000002648	SNU56_YEAST	0	0	0	0	0	0	0	0	0	0	0	0	0	0	0	2	0
YFL002W-B	S000007404	YF21A_YEAST;YG22A_YEAST	0	0	0	0	0	0	0	0	0	0	0	0	0	0	0	1	0
BUD3	S000000520	BUD3_YEAST	0	0	0	0	0	0	0	0	0	0	0	0	0	0	0	1	0
PHB2	S000003463	PHB2_YEAST	0	0	0	0	0	0	0	0	0	0	0	0	0	0	0	1	0
AIR2	S000002334	AIR2_YEAST	0	0	0	0	0	0	0	0	0	0	0	0	0	0	0	1	0
MYO4	S000000027	MYO4_YEAST	0	0	0	0	0	0	0	0	0	0	0	0	0	0	0	1	0
SKI6	S000003427	RRP41_YEAST	0	0	0	0	0	0	0	0	0	0	0	0	0	0	0	1	0
HSL1	S000001584	HSL1_YEAST	0	0	0	0	0	0	0	0	0	0	0	0	0	0	0	1	0
CDC53	S000002290	CDC53_YEAST	0	0	0	0	0	0	0	0	0	0	0	0	0	0	0	1	0
CDC50	S000000690	CDC50_YEAST	0	0	0	0	0	0	0	0	0	0	0	0	0	0	0	1	0
OSH2	S000002177	OSH2_YEAST	0	0	0	0	0	0	0	0	0	0	0	0	0	0	0	1	0
EMW1	S000005257	EMW1_YEAST	0	0	0	0	0	0	0	0	0	0	0	0	0	0	0	1	0
TCB2	S000005031	TCB2_YEAST	0	0	0	0	0	0	0	0	0	0	0	0	0	0	0	1	0
GIS4	S000004465	GIS4_YEAST	0	0	0	0	0	0	0	0	0	0	0	0	0	0	0	1	0
VPS13	S000003963	VPS13_YEAST	0	0	0	0	0	0	0	0	0	0	0	0	0	0	0	6	0
VPS33	S000004388	VPS33_YEAST	0	0	0	0	0	0	0	0	0	0	0	0	0	0	0	1	0
CUE3	S000003078	CUE3_YEAST	0	0	0	0	0	0	0	0	0	0	0	0	0	0	0	2	0
TRM1	S000002527	TRM1_YEAST	0	0	0	0	0	0	0	0	0	0	0	0	0	0	0	1	0
CBP6	S000000324	CBP6_YEAST	0	0	0	0	0	0	0	0	0	0	0	0	0	0	0	1	0
PET111	S000004870	PT111_YEAST	0	0	0	0	0	0	0	0	0	0	0	0	0	0	0	1	0
GTB1	S000002629	GLU2B_YEAST	0	0	0	0	0	0	0	0	0	0	0	0	0	0	0	1	0
DOT6	S000000890	DOT6_YEAST	0	0	0	0	0	0	0	0	0	0	0	0	0	0	0	3	0
MTC1	S000003659	MTC1_YEAST	0	0	0	0	0	0	0	0	0	0	0	0	0	0	0	1	0
LAS17	S000005707	LAS17_YEAST	0	0	0	0	0	0	0	0	0	0	0	0	0	0	0	1	0
MET18	S000001390	MET18_YEAST	0	0	0	0	0	0	0	0	0	0	0	0	0	0	0	1	0
TDA5	S000004418	TDA5_YEAST	0	0	0	0	0	0	0	0	0	0	0	0	0	0	0	1	0
HPT1	S000002807	HPRT_YEAST	0	0	0	0	0	0	0	0	0	0	0	0	0	0	0	1	0
MDM1	S000004572	MDM1_YEAST	0	0	0	0	0	0	0	0	0	0	0	0	0	0	0	5	0
GEA2	S000000748	GEA2_YEAST	0	0	0	0	0	0	0	0	0	0	0	0	0	0	0	3	0
GEA1	S000003792	GEA1_YEAST	0	0	0	0	0	0	0	0	0	0	0	0	0	0	0	1	0
DFG5	S000004851	DFG5_YEAST	0	0	0	0	0	0	0	0	0	0	0	0	0	0	0	1	0
RPD3	S000005274	RPD3_YEAST	0	0	0	0	0	0	0	0	0	0	0	0	0	0	0	1	0
GPH1	S000006364	PHSG_YEAST	0	0	0	0	0	0	0	0	0	0	0	0	0	0	0	1	0
OSH6	S000001711	OSH6_YEAST	0	0	0	0	0	0	0	0	0	0	0	0	0	0	0	1	0
OSH7	S000001043	OSH7_YEAST	0	0	0	0	0	0	0	0	0	0	0	0	0	0	0	1	0
SYG1	S000001309	SYG1_YEAST	0	0	0	0	0	0	0	0	0	0	0	0	0	0	0	1	0
SEC15	S000003202	SEC15_YEAST	0	0	0	0	0	0	0	0	0	0	0	0	0	0	0	1	0
MRPL6	S000001190	RM06_YEAST	0	0	0	0	0	0	0	0	0	0	0	0	0	0	0	1	0
UBA4	S000001153	UBA4_YEAST	0	0	0	0	0	0	0	0	0	0	0	0	0	0	0	1	0
YNL058C	S000005003	YNF8_YEAST	0	0	0	0	0	0	0	0	0	0	0	0	0	0	0	2	0
SSN2	S000002851	SSN2_YEAST	0	0	0	0	0	0	0	0	0	0	0	0	0	0	0	1	0
YOL083C-A	S000028853	YO83A_YEAST	0	0	0	0	0	0	0	0	0	0	0	0	0	0	0	1	0
ECM21	S000000197	ECM21_YEAST	0	0	0	0	0	0	0	0	0	0	0	0	0	0	0	1	0
DLD3	S000000797	DLD3_YEAST	0	0	0	0	0	0	0	0	0	0	0	0	0	0	0	3	0
FAP7	S000002325	KAD6_YEAST	0	0	0	0	0	0	0	0	0	0	0	0	0	0	0	1	0
PSR1	S000003933	PSR1_YEAST	0	0	0	0	0	0	0	0	0	0	0	0	0	0	0	1	0
GIN4	S000002915	GIN4_YEAST	0	0	0	0	0	0	0	0	0	0	0	0	0	0	0	1	0
SVL3	S000005953	SVL3_YEAST	0	0	0	0	0	0	0	0	0	0	0	0	0	0	0	1	0
UBX7	S000000477	UBX7_YEAST	0	0	0	0	0	0	0	0	0	0	0	0	0	0	0	1	0
SEC5	S000002573	SEC5_YEAST	0	0	0	0	0	0	0	0	0	0	0	0	0	0	0	1	0
YOR343W-A	S000007355	YO22A_YEAST	0	0	0	0	0	0	0	0	0	0	0	0	0	0	0	1	0
SEC9	S000003241	SEC9_YEAST	0	0	0	0	0	0	0	0	0	0	0	0	0	0	0	1	0
NUP53	S000004762	NUP53_YEAST	0	0	0	0	0	0	0	0	0	0	0	0	0	0	0	1	0
LRP1	S000001123	LRP1_YEAST	0	0	0	0	0	0	0	0	0	0	0	0	0	0	0	1	0
MDS3	S000003165	MDS3_YEAST	0	0	0	0	0	0	0	0	0	0	0	0	0	0	0	2	0
YLR410W-A	S000007379	YG21A_YEAST;YL21A_YEAST	0	0	0	0	0	0	0	0	0	0	0	0	0	0	0	1	0
RAD33	S000004472	RAD33_YEAST	0	0	0	0	0	0	0	0	0	0	0	0	0	0	0	1	0
APS3	S000003561	AP3S_YEAST	0	0	0	0	0	0	0	0	0	0	0	0	0	0	0	1	0
YEL057C	S000000783	YEG7_YEAST	0	0	0	0	0	0	0	0	0	0	0	0	0	0	0	2	0
MRPL32	S000000596	RM32_YEAST	0	0	0	0	0	0	0	0	0	0	0	0	0	0	0	1	0
COX9	S000002225	COX9_YEAST	0	0	0	0	0	0	0	0	0	0	0	0	0	0	0	1	0
RPL29	S000006437	RL29_YEAST	0	0	0	0	0	0	0	0	0	0	0	0	0	0	0	1	0
SHQ1	S000001366	SHQ1_YEAST	0	0	0	0	0	0	0	0	0	0	0	0	0	0	0	1	0
MNN9	S000005971	MNN9_YEAST	0	0	0	0	0	0	0	0	0	0	0	0	0	0	0	2	0
SNF12	S000005306	SNF12_YEAST	0	0	0	0	0	0	0	0	0	0	0	0	0	0	0	2	0
DCP1	S000005509	DCP1_YEAST	0	0	0	0	0	0	0	0	0	0	0	0	0	0	0	1	0
TOM22	S000005075	TOM22_YEAST	0	0	0	0	0	0	0	0	0	0	0	0	0	0	0	1	0
SEA4	S000000200	YBK4_YEAST	0	0	0	0	0	0	0	0	0	0	0	0	0	0	0	3	1
MCM5	S000004264	MCM5_YEAST	0	0	0	0	0	0	0	0	0	0	0	0	0	0	0	2	0
YBL029C-A	S000007591	YB029_YEAST	0	0	0	0	0	0	0	0	0	0	0	0	0	0	0	1	0
GCD7	S000004282	EI2BB_YEAST	0	0	0	0	0	0	0	0	0	0	0	0	0	0	0	1	0
YHM2	S000004854	YHM2_YEAST	0	0	0	0	0	0	0	0	0	0	0	0	0	0	0	1	0
GCD1	S000005786	EI2BG_YEAST	0	0	0	0	0	0	0	0	0	0	0	0	0	0	0	1	0
YBL100W-A	S000002148	YB21A_YEAST	0	0	0	0	0	0	0	0	0	0	0	0	0	0	0	1	0
DNF1	S000000968	ATC5_YEAST	0	0	0	0	0	0	0	0	0	0	0	0	0	0	0	3	0
DNF2	S000002500	ATC4_YEAST	0	0	0	0	0	0	0	0	0	0	0	0	0	0	0	1	0
LEM3	S000005267	LEM3_YEAST	0	0	0	0	0	0	0	0	0	0	0	0	0	0	0	1	0
SSS1	S000002493	SC61G_YEAST	0	0	0	0	0	0	0	0	0	0	0	0	0	0	0	1	0
SFB3	S000001140	SFB3_YEAST	0	0	0	0	0	0	0	0	0	0	0	0	0	0	0	1	0
COG8	S000004536	COG8_YEAST	0	0	0	0	0	0	0	0	0	0	0	0	0	0	0	1	0
GRE3	S000001146	GRE3_YEAST	0	0	0	0	0	0	0	0	0	0	0	0	0	0	0	1	0
TMA22	S000003775	DENR_YEAST	0	0	0	0	0	0	0	0	0	0	0	0	0	0	0	1	0
VPS74	S000002780	VPS74_YEAST	0	0	0	0	0	0	0	0	0	0	0	0	0	0	0	1	0
ELP4	S000006022	ELP4_YEAST	0	0	0	0	0	0	0	0	0	0	0	0	0	0	0	1	0
ELP3	S000006007	ELP3_YEAST	0	0	0	0	0	0	0	0	0	0	0	0	0	0	0	2	0
GLN4	S000005694	SYQ_YEAST	0	0	0	0	0	0	0	0	0	0	0	0	0	0	0	1	0
RFA2	S000005256	RFA2_YEAST	0	0	0	0	0	0	0	0	0	0	0	0	0	0	0	1	0
RFA1	S000000065	RFA1_YEAST	0	0	0	0	0	0	0	0	0	0	0	0	0	0	0	2	0
SKG6	S000001192	SKG6_YEAST	0	0	0	0	0	0	0	0	0	0	0	0	0	0	0	1	0
CSF1	S000004077	CSF1_YEAST	0	0	0	0	0	0	0	0	0	0	0	0	0	0	0	1	0
YDR034C-C	S000007344	YD21A_YEAST	0	0	0	0	0	0	0	0	0	0	0	0	0	0	0	1	0
YGR161W-A	S000007369	YF21A_YEAST;YG22A_YEAST	0	0	0	0	0	0	0	0	0	0	0	0	0	0	0	1	0
TOM40	S000004816	TOM40_YEAST	0	0	0	0	0	0	0	0	0	0	0	0	0	0	0	2	0
FYV7	S000004058	FYV7_YEAST	0	0	0	0	0	0	0	0	0	0	0	0	0	0	0	1	0
GET3	S000002258	GET3_YEAST	0	0	0	0	0	0	0	0	0	0	0	0	0	0	0	2	0
TAF5	S000000402	TAF5_YEAST	0	0	0	0	0	0	0	0	0	0	0	0	0	0	0	1	0
CDC23	S000001209	CDC23_YEAST	0	0	0	0	0	0	0	0	0	0	0	0	0	0	0	1	0
RPL37B	S000002908	RL37B_YEAST	0	0	0	0	0	0	0	0	0	0	0	0	0	0	0	1	0
CLB2	S000006323	CG22_YEAST	0	0	0	0	0	0	0	0	0	0	0	0	0	0	0	1	0
MAL12	S000003524	MAL12_YEAST	0	0	0	0	0	0	0	0	0	0	0	0	0	0	0	1	0
PPX1	S000001244	PPX1_YEAST	0	0	0	0	0	0	0	0	0	0	0	0	0	0	0	1	0
YOL086W-A	S000007626	YO086_YEAST	0	0	0	0	0	0	0	0	0	0	0	0	0	0	0	1	0
RPB3	S000001283	RPB3_YEAST	0	0	0	0	0	0	0	0	0	0	0	0	0	0	0	3	0
INO80	S000003118	INO80_YEAST	0	0	0	0	0	0	0	0	0	0	0	0	0	0	0	1	0
EMI5	S000005432	SDHF2_YEAST	0	0	0	0	0	0	0	0	0	0	0	0	0	0	0	1	0
BEM4	S000006082	BEM4_YEAST	0	0	0	0	0	0	0	0	0	0	0	0	0	0	0	1	0
FEN1	S000000630	ELO2_YEAST	0	0	0	0	0	0	0	0	0	0	0	0	0	0	0	1	0
UBX6	S000003584	UBX6_YEAST	0	0	0	0	0	0	0	0	0	0	0	0	0	0	0	1	0
NCS6	S000003179	CTU1_YEAST	0	0	0	0	0	0	0	0	0	0	0	0	0	0	0	1	0
KAP104	S000000221	IMB2_YEAST	0	0	0	0	0	0	0	0	0	0	0	0	0	0	0	3	0
JSN1	S000003851	JSN1_YEAST	0	0	0	0	0	0	0	0	0	0	0	0	0	0	0	2	0
THO2	S000005083	THO2_YEAST	0	0	0	0	0	0	0	0	0	0	0	0	0	0	0	1	0
EXO84	S000000306	EXO84_YEAST	0	0	0	0	0	0	0	0	0	0	0	0	0	0	0	1	0
RPB11	S000005365	RPB11_YEAST	0	0	0	0	0	0	0	0	0	0	0	0	0	0	0	1	0
RIF1	S000000479	RIF1_YEAST	0	0	0	0	0	0	0	0	0	0	0	0	0	0	0	2	0
YMR130W	S000004737	YM14_YEAST	0	0	0	0	0	0	0	0	0	0	0	0	0	0	0	1	0
CSR1	S000004372	CSR1_YEAST	0	0	0	0	0	0	0	0	0	0	0	0	0	0	0	1	0
SNT1	S000000629	SNT1_YEAST	0	0	0	0	0	0	0	0	0	0	0	0	0	0	0	1	0
ECM32	S000000978	ECM32_YEAST	0	0	0	0	0	0	0	0	0	0	0	0	0	0	0	1	0
MOS1	S000007547	MOS1_YEAST	0	0	0	0	0	0	0	0	0	0	0	0	0	0	0	1	0
FES1	S000000305	FES1_YEAST	0	0	0	0	0	0	0	0	0	0	0	0	0	0	0	1	0
PEF1	S000003290	PEF1_YEAST	0	0	0	0	0	0	0	0	0	0	0	0	0	0	0	1	0
MHP1	S000003578	MHP1_YEAST	0	0	0	0	0	0	0	0	0	0	0	0	0	0	0	6	0
MYO3	S000001612	MYO3_YEAST	0	0	0	0	0	0	0	0	0	0	0	0	0	0	0	0	2
CEM1	S000000863	CEM1_YEAST	0	0	0	0	0	0	0	0	0	0	0	0	0	0	0	0	1
RNT1	S000004852	RNT1_YEAST	0	0	0	0	0	0	0	0	0	0	0	0	0	0	0	0	1